order_id,customer_id,restaurant_id,order_item,order_date,order_time,order_status,total_amount
1,84,78,Margherita Pizza,2024-05-14,13:41:26,Completed,142
2,291,31,Hakka Noodles,2023-01-12,11:05:26,Completed,881
3,139,70,Masala Dosa,2024-10-01,10:12:46,Completed,336
4,439,20,Caesar Salad,2025-02-17,22:03:29,Pending,537
5,177,83,Veg Fried Rice,2023-02-28,09:35:08,Completed,485
6,422,23,Butter Chicken,2023-11-24,10:42:24,Completed,889
7,716,191,Chicken Momos,2025-03-13,16:02:27,Completed,796
8,636,180,Veg Fried Rice,2024-10-09,22:19:35,Completed,727
9,934,54,Farmhouse Pizza,2024-05-19,15:48:09,Completed,279
10,512,183,Caesar Salad,2023-01-18,13:32:42,Completed,554
11,856,98,Masala Dosa,2024-02-29,16:00:41,Completed,718
12,394,16,Chicken Momos,2023-03-30,19:11:49,Completed,747
13,675,162,Chicken Momos,2024-10-01,18:53:23,Cancelled,910
14,188,3,Caesar Salad,2023-11-05,12:03:39,Completed,406
15,4,160,Dal Makhani,2025-06-07,10:52:13,Completed,850
16,450,52,Margherita Pizza,2023-10-13,17:16:54,Completed,397
17,532,170,Chole Bhature,2024-10-22,20:25:27,Pending,625
18,994,68,Veg Momos,2023-01-24,19:52:44,Completed,217
19,916,24,Veg Biryani,2023-08-08,10:08:51,Completed,829
20,168,22,Burger,2024-02-06,19:58:24,Completed,518
21,785,103,Chicken Tikka,2023-10-12,15:57:26,Completed,286
22,74,83,Dal Makhani,2025-06-23,09:32:50,Completed,776
23,240,83,Farmhouse Pizza,2024-12-09,16:33:08,Completed,568
24,945,134,Fish Curry,2023-08-09,16:07:55,Cancelled,845
25,35,164,Burger,2024-02-27,19:44:56,Completed,787
26,239,148,Chole Bhature,2024-11-13,10:01:58,Completed,350
27,807,95,Dal Makhani,2023-03-29,20:18:35,Completed,788
28,823,135,Chicken Tikka,2023-11-19,17:11:37,Completed,727
29,676,119,Chicken Tikka,2025-02-26,16:21:36,Completed,699
30,64,22,Farmhouse Pizza,2023-09-09,15:56:39,Completed,832
31,152,100,Margherita Pizza,2025-05-07,19:04:52,Completed,345
32,137,172,Veg Biryani,2023-12-02,22:32:03,Completed,725
33,623,149,Chicken Biryani,2025-01-31,16:27:10,Completed,795
34,771,63,Veg Biryani,2023-05-19,20:24:02,Completed,860
35,319,72,Fish Curry,2023-05-15,20:54:40,Completed,762
36,760,88,Chicken Tikka,2024-09-30,19:17:17,Pending,710
37,231,5,Pav Bhaji,2023-09-29,15:56:48,Completed,244
38,50,158,Paneer Tikka,2023-02-17,17:54:04,Completed,686
39,792,129,Veg Fried Rice,2024-03-27,20:25:12,Completed,398
40,919,93,Masala Dosa,2023-01-13,16:32:19,Completed,615
41,99,44,Caesar Salad,2023-08-30,22:23:50,Completed,587
42,477,28,Veg Biryani,2025-06-05,22:45:21,Completed,711
43,199,134,Margherita Pizza,2024-03-04,15:19:56,Completed,264
44,505,163,Masala Dosa,2025-02-13,18:31:43,Completed,831
45,182,66,Caesar Salad,2023-07-14,16:10:55,Completed,782
46,859,61,Dal Makhani,2023-02-09,10:51:44,Completed,883
47,453,89,Masala Dosa,2024-06-20,21:56:11,Completed,494
48,588,49,Idli Sambar,2025-01-09,14:20:49,Completed,678
49,829,164,Chicken Momos,2023-10-20,17:38:57,Completed,664
50,346,149,Caesar Salad,2024-09-13,12:09:34,Completed,414
51,800,28,Chicken Tikka,2023-06-28,11:57:01,Completed,504
52,855,27,Idli Sambar,2023-10-13,14:10:46,Completed,546
53,961,160,Burger,2025-02-19,11:35:53,Completed,834
54,866,196,Chicken Tikka,2024-09-24,18:18:46,Completed,267
55,274,24,Hakka Noodles,2023-10-13,11:11:34,Completed,392
56,891,137,Idli Sambar,2023-06-04,09:24:09,Completed,770
57,85,177,Butter Chicken,2023-01-20,09:41:36,Completed,565
58,422,48,Chicken Momos,2024-04-04,19:51:05,Completed,635
59,659,173,Paneer Butter Masala,2024-01-01,18:00:29,Completed,428
60,470,127,Fish Curry,2025-04-24,16:37:45,Completed,233
61,808,88,Farmhouse Pizza,2023-06-24,17:28:30,Completed,834
62,405,178,Pav Bhaji,2023-07-18,15:14:19,Pending,409
63,768,33,Butter Chicken,2023-05-20,20:52:43,Completed,262
64,746,70,Veg Momos,2025-03-03,21:30:39,Completed,809
65,885,71,Chicken Biryani,2025-04-15,15:25:35,Completed,207
66,382,86,Burger,2025-03-12,22:55:28,Completed,383
67,230,146,Paneer Tikka,2024-03-17,19:14:38,Completed,642
68,814,80,Veg Fried Rice,2023-05-14,22:24:52,Completed,821
69,855,2,Veg Momos,2025-03-20,15:41:52,Completed,805
70,693,120,Chicken Momos,2023-01-19,12:08:42,Completed,149
71,771,88,Chicken Momos,2025-05-24,21:04:36,Completed,387
72,219,184,Dal Makhani,2023-08-21,17:52:06,Completed,588
73,553,183,Idli Sambar,2025-06-12,14:31:58,Completed,348
74,164,146,Idli Sambar,2025-05-29,20:53:27,Completed,631
75,782,74,Caesar Salad,2023-05-21,13:12:15,Completed,606
76,312,129,Dal Makhani,2025-05-30,15:52:23,Completed,543
77,269,2,Burger,2025-05-01,15:56:31,Completed,677
78,57,126,Chole Bhature,2024-05-02,20:35:02,Completed,445
79,825,135,Veg Momos,2025-05-03,18:32:11,Completed,549
80,354,111,Margherita Pizza,2023-07-07,22:31:28,Completed,355
81,427,57,Chicken Tikka,2025-01-28,09:33:39,Pending,225
82,846,157,Pav Bhaji,2023-01-29,21:45:25,Pending,376
83,764,200,Burger,2024-01-25,15:24:33,Completed,890
84,569,129,Veg Momos,2025-04-18,14:10:00,Completed,402
85,738,175,Farmhouse Pizza,2023-08-08,11:33:52,Cancelled,907
86,326,84,Butter Chicken,2023-04-30,13:40:36,Cancelled,775
87,130,30,Dal Makhani,2024-04-16,14:11:13,Completed,844
88,276,139,Dal Makhani,2025-02-05,10:49:10,Completed,792
89,866,87,Chole Bhature,2023-01-05,21:23:48,Completed,188
90,138,180,Masala Dosa,2024-02-03,15:19:41,Completed,520
91,712,148,Idli Sambar,2024-07-15,10:16:44,Completed,740
92,88,45,Burger,2025-02-28,15:56:39,Completed,454
93,383,121,Chicken Tikka,2025-03-17,19:10:28,Completed,713
94,280,163,Butter Chicken,2023-07-11,18:16:39,Completed,289
95,13,128,Fish Curry,2025-05-01,18:12:17,Completed,677
96,534,134,Fish Curry,2025-05-27,12:08:48,Completed,429
97,981,51,Butter Chicken,2024-07-01,14:55:23,Completed,769
98,860,94,Butter Chicken,2023-02-18,17:13:09,Completed,243
99,667,91,Caesar Salad,2023-11-29,15:11:57,Completed,679
100,209,10,Veg Momos,2024-09-03,15:51:51,Completed,137
101,44,155,Chicken Biryani,2023-08-08,15:12:14,Cancelled,897
102,625,189,Paneer Butter Masala,2024-08-23,17:08:43,Completed,273
103,333,106,Veg Biryani,2023-05-09,20:39:28,Completed,260
104,331,133,Chicken Biryani,2024-11-21,15:37:34,Completed,303
105,968,122,Pav Bhaji,2024-11-15,18:37:02,Completed,884
106,959,138,Masala Dosa,2025-06-22,13:11:15,Completed,317
107,650,136,Chicken Tikka,2023-02-26,15:00:55,Completed,618
108,691,126,Fish Curry,2023-06-15,13:58:46,Completed,260
109,457,114,Masala Dosa,2024-05-23,22:50:56,Completed,798
110,753,187,Veg Fried Rice,2023-09-08,13:40:57,Completed,382
111,409,31,Burger,2023-04-16,21:57:04,Cancelled,155
112,46,182,Veg Biryani,2025-05-04,19:59:03,Completed,183
113,23,60,Burger,2025-06-16,09:21:52,Completed,935
114,586,51,Chole Bhature,2023-03-05,19:40:34,Completed,123
115,229,71,Chicken Tikka,2023-10-28,09:27:17,Completed,284
116,458,97,Butter Chicken,2025-03-16,18:34:57,Completed,711
117,268,119,Chicken Momos,2023-06-08,13:11:49,Cancelled,484
118,491,162,Veg Biryani,2025-04-27,10:23:05,Completed,162
119,46,99,Paneer Tikka,2023-06-04,12:40:27,Completed,217
120,839,56,Burger,2023-08-11,09:42:43,Completed,463
121,675,85,Dal Makhani,2023-08-07,16:18:39,Completed,538
122,641,167,Veg Biryani,2023-06-19,16:33:41,Completed,285
123,858,63,Paneer Tikka,2025-01-02,19:44:54,Completed,205
124,897,182,Butter Chicken,2024-09-24,20:12:12,Completed,704
125,281,159,Pav Bhaji,2023-07-20,14:29:24,Completed,188
126,260,91,Masala Dosa,2023-02-25,09:47:49,Completed,225
127,924,4,Chicken Momos,2023-08-11,11:53:46,Completed,567
128,247,22,Pav Bhaji,2023-08-14,12:48:02,Cancelled,361
129,846,100,Chicken Biryani,2025-06-09,12:22:01,Completed,392
130,891,171,Idli Sambar,2025-03-26,09:46:44,Completed,427
131,988,106,Chicken Momos,2024-09-23,15:16:20,Cancelled,736
132,107,134,Chicken Biryani,2025-03-22,18:25:42,Completed,579
133,967,131,Pav Bhaji,2023-07-27,21:36:54,Completed,655
134,799,103,Pav Bhaji,2023-10-15,09:21:05,Completed,501
135,427,28,Butter Chicken,2025-02-19,22:59:08,Completed,251
136,430,140,Farmhouse Pizza,2024-03-24,09:17:38,Completed,642
137,939,91,Hakka Noodles,2024-03-15,19:21:03,Completed,263
138,123,37,Pav Bhaji,2025-02-27,17:58:51,Completed,335
139,480,16,Paneer Tikka,2024-07-10,09:01:53,Completed,603
140,233,21,Veg Biryani,2023-09-29,17:25:15,Completed,923
141,122,129,Fish Curry,2024-04-01,10:55:20,Completed,756
142,204,126,Burger,2024-06-30,14:13:42,Completed,454
143,82,56,Chicken Tikka,2023-02-19,18:14:12,Completed,946
144,602,55,Idli Sambar,2024-01-13,09:59:12,Completed,654
145,643,35,Burger,2023-03-17,22:12:39,Completed,347
146,929,103,Fish Curry,2023-07-03,15:45:50,Completed,297
147,626,54,Dal Makhani,2023-10-01,19:57:08,Completed,428
148,367,158,Butter Chicken,2023-10-08,21:03:45,Completed,403
149,386,158,Veg Biryani,2023-06-23,13:17:52,Completed,853
150,290,50,Paneer Tikka,2023-09-02,12:54:27,Completed,169
151,598,179,Pav Bhaji,2025-03-26,16:56:33,Completed,883
152,826,12,Veg Momos,2025-05-02,12:49:38,Completed,294
153,739,185,Burger,2023-12-26,12:56:25,Completed,269
154,992,73,Paneer Tikka,2023-03-19,19:54:45,Completed,642
155,69,73,Farmhouse Pizza,2024-09-09,11:21:11,Cancelled,452
156,686,49,Fish Curry,2024-04-23,22:17:28,Completed,422
157,70,196,Chicken Biryani,2023-11-13,11:03:56,Completed,736
158,880,28,Caesar Salad,2023-06-26,15:09:58,Completed,665
159,651,156,Margherita Pizza,2025-05-14,11:53:44,Completed,176
160,376,18,Chicken Momos,2023-04-12,11:39:42,Completed,919
161,696,60,Idli Sambar,2024-02-24,19:49:47,Completed,840
162,708,79,Hakka Noodles,2023-02-05,17:18:13,Completed,776
163,283,188,Paneer Butter Masala,2024-10-07,18:03:53,Cancelled,612
164,4,180,Chicken Momos,2024-08-16,16:49:55,Completed,706
165,498,153,Veg Biryani,2023-06-16,22:32:58,Completed,298
166,544,33,Margherita Pizza,2024-06-04,13:49:29,Cancelled,690
167,173,169,Pav Bhaji,2023-06-06,09:10:53,Completed,415
168,489,193,Chicken Biryani,2025-04-26,10:10:25,Completed,867
169,233,46,Idli Sambar,2025-04-11,19:18:53,Completed,346
170,346,90,Idli Sambar,2024-06-03,16:01:37,Completed,295
171,219,37,Veg Biryani,2023-10-07,16:30:45,Completed,833
172,759,18,Butter Chicken,2025-05-22,12:27:36,Completed,674
173,58,85,Pav Bhaji,2024-04-29,19:57:48,Completed,647
174,369,130,Caesar Salad,2023-07-18,13:27:11,Completed,764
175,313,136,Caesar Salad,2025-04-12,10:13:41,Completed,223
176,402,175,Chicken Tikka,2023-08-26,19:02:04,Completed,898
177,69,138,Veg Fried Rice,2023-10-12,09:59:06,Completed,248
178,240,33,Veg Momos,2023-10-01,21:52:28,Completed,656
179,845,97,Chicken Tikka,2024-05-07,17:01:38,Completed,744
180,479,54,Veg Fried Rice,2024-03-21,13:24:26,Completed,793
181,60,23,Margherita Pizza,2023-09-22,21:04:04,Cancelled,416
182,552,101,Pav Bhaji,2023-12-01,22:29:14,Completed,768
183,449,158,Caesar Salad,2024-08-15,17:39:16,Completed,589
184,829,110,Farmhouse Pizza,2023-12-24,17:20:16,Completed,842
185,232,74,Paneer Tikka,2023-06-06,16:43:05,Completed,822
186,533,30,Paneer Butter Masala,2023-01-06,13:52:48,Completed,770
187,272,178,Farmhouse Pizza,2023-07-31,13:00:15,Cancelled,450
188,497,126,Veg Fried Rice,2023-02-01,17:40:14,Completed,711
189,40,125,Dal Makhani,2024-10-17,09:54:50,Completed,139
190,364,200,Veg Momos,2023-09-10,13:15:20,Completed,279
191,513,90,Hakka Noodles,2023-10-04,13:54:07,Completed,653
192,975,122,Veg Momos,2023-06-26,10:26:30,Completed,507
193,313,18,Veg Momos,2024-11-06,17:47:03,Completed,545
194,165,78,Chicken Momos,2023-02-07,21:27:39,Completed,144
195,854,151,Margherita Pizza,2024-06-28,09:09:55,Completed,203
196,896,52,Paneer Tikka,2024-12-17,20:57:03,Completed,632
197,793,61,Pav Bhaji,2023-06-08,12:59:09,Completed,268
198,357,151,Margherita Pizza,2023-05-17,12:56:36,Completed,414
199,621,61,Margherita Pizza,2024-07-01,22:37:20,Completed,605
200,95,152,Chicken Biryani,2025-02-21,19:22:05,Completed,922
201,2,37,Paneer Butter Masala,2024-10-16,16:40:32,Completed,247
202,170,174,Paneer Butter Masala,2023-07-11,16:50:40,Completed,922
203,996,140,Pav Bhaji,2025-03-03,10:05:54,Completed,380
204,926,9,Farmhouse Pizza,2023-08-07,18:24:53,Completed,568
205,720,7,Farmhouse Pizza,2023-08-06,13:18:22,Completed,459
206,281,27,Butter Chicken,2025-03-09,16:03:01,Completed,134
207,969,53,Masala Dosa,2023-02-10,11:41:13,Completed,505
208,560,86,Veg Fried Rice,2024-05-28,09:52:30,Completed,229
209,260,76,Chicken Tikka,2024-04-12,15:02:41,Completed,658
210,245,191,Pav Bhaji,2024-06-02,15:17:50,Completed,659
211,293,56,Idli Sambar,2023-04-22,17:27:33,Completed,871
212,320,165,Paneer Butter Masala,2023-02-21,12:36:01,Completed,672
213,407,82,Butter Chicken,2023-12-23,10:00:47,Completed,686
214,12,171,Chicken Momos,2024-01-08,22:58:53,Completed,900
215,493,86,Paneer Butter Masala,2025-03-03,12:25:40,Completed,289
216,533,29,Veg Biryani,2023-04-20,14:57:01,Completed,430
217,892,23,Pav Bhaji,2023-05-09,17:02:19,Pending,761
218,382,179,Chicken Momos,2024-07-23,15:00:17,Completed,863
219,444,10,Chicken Momos,2023-06-02,21:01:24,Completed,712
220,766,181,Veg Biryani,2025-01-03,13:57:11,Completed,147
221,40,39,Chicken Momos,2024-07-15,09:54:01,Completed,617
222,379,80,Masala Dosa,2024-03-22,15:11:04,Completed,289
223,10,131,Veg Momos,2024-11-15,11:55:17,Completed,927
224,175,114,Idli Sambar,2023-05-19,12:29:31,Cancelled,666
225,81,63,Veg Fried Rice,2024-10-13,09:52:13,Completed,331
226,400,166,Veg Fried Rice,2025-03-28,10:46:09,Completed,250
227,215,68,Chicken Momos,2024-09-10,13:08:38,Completed,493
228,60,131,Paneer Butter Masala,2024-04-05,16:05:19,Completed,221
229,843,54,Chicken Momos,2024-07-01,10:51:20,Completed,832
230,661,37,Idli Sambar,2024-04-09,10:41:38,Completed,270
231,830,101,Caesar Salad,2023-10-23,16:40:54,Completed,875
232,413,47,Caesar Salad,2024-06-07,14:26:12,Completed,680
233,864,125,Hakka Noodles,2025-02-07,20:02:06,Cancelled,315
234,245,109,Margherita Pizza,2024-05-12,14:38:25,Completed,828
235,38,185,Hakka Noodles,2023-05-24,12:48:15,Completed,392
236,58,85,Fish Curry,2024-10-18,11:08:29,Completed,856
237,116,8,Butter Chicken,2023-10-18,17:33:08,Completed,476
238,334,120,Hakka Noodles,2023-04-25,18:43:04,Completed,642
239,196,116,Veg Momos,2024-12-18,15:40:44,Completed,488
240,752,130,Veg Momos,2023-09-25,21:20:31,Completed,188
241,70,182,Chole Bhature,2023-05-26,17:31:31,Completed,926
242,358,49,Farmhouse Pizza,2024-11-28,15:14:25,Completed,206
243,745,74,Hakka Noodles,2023-01-30,14:38:55,Completed,589
244,402,51,Paneer Tikka,2024-11-12,13:14:31,Completed,605
245,899,16,Paneer Butter Masala,2024-11-26,18:08:41,Completed,709
246,46,164,Farmhouse Pizza,2023-09-26,18:14:44,Completed,785
247,66,153,Dal Makhani,2025-04-20,19:48:32,Completed,456
248,19,101,Paneer Butter Masala,2025-06-21,09:26:32,Completed,326
249,145,2,Caesar Salad,2023-05-31,22:36:41,Completed,209
250,183,61,Hakka Noodles,2023-01-20,21:00:56,Completed,334
251,283,171,Margherita Pizza,2025-04-24,18:17:59,Completed,922
252,423,187,Veg Fried Rice,2023-03-16,20:49:51,Completed,530
253,589,51,Veg Momos,2024-06-25,16:46:07,Completed,615
254,889,53,Hakka Noodles,2024-06-27,10:04:25,Completed,598
255,121,116,Chole Bhature,2023-11-06,16:06:05,Completed,447
256,915,56,Chicken Biryani,2023-09-12,20:38:56,Pending,645
257,65,172,Hakka Noodles,2023-06-14,20:16:01,Pending,269
258,759,182,Masala Dosa,2023-03-07,10:14:05,Completed,281
259,211,84,Margherita Pizza,2023-05-29,17:58:09,Completed,948
260,341,90,Idli Sambar,2023-09-24,09:01:35,Completed,926
261,713,185,Veg Fried Rice,2024-07-14,16:40:33,Pending,322
262,452,186,Farmhouse Pizza,2025-04-11,18:14:48,Pending,596
263,606,105,Veg Biryani,2024-10-27,12:09:19,Pending,560
264,582,194,Veg Biryani,2023-11-26,16:18:20,Completed,387
265,291,59,Dal Makhani,2024-11-06,12:47:03,Completed,199
266,173,163,Chicken Momos,2023-01-29,20:38:32,Completed,837
267,43,170,Burger,2023-12-26,18:08:08,Completed,190
268,623,116,Idli Sambar,2023-10-06,18:44:00,Completed,766
269,665,167,Paneer Butter Masala,2023-03-29,13:12:31,Completed,769
270,817,177,Idli Sambar,2025-02-14,11:27:07,Pending,317
271,698,159,Farmhouse Pizza,2023-07-03,22:31:30,Completed,727
272,593,180,Masala Dosa,2024-11-19,11:46:28,Completed,647
273,89,19,Chicken Momos,2023-07-26,11:32:18,Completed,134
274,901,117,Paneer Tikka,2024-04-02,14:57:42,Completed,791
275,496,16,Fish Curry,2024-05-07,12:41:24,Completed,665
276,686,50,Chicken Momos,2024-09-13,22:09:25,Completed,255
277,695,42,Paneer Butter Masala,2025-05-07,21:27:55,Completed,436
278,228,103,Fish Curry,2023-11-12,12:30:45,Cancelled,366
279,614,124,Caesar Salad,2024-09-01,12:35:51,Pending,718
280,627,72,Pav Bhaji,2024-03-15,16:54:11,Completed,200
281,847,105,Pav Bhaji,2023-06-09,17:23:02,Completed,348
282,31,68,Veg Fried Rice,2023-08-06,22:52:56,Completed,705
283,640,71,Dal Makhani,2025-03-28,09:58:52,Completed,507
284,66,127,Veg Biryani,2023-05-20,19:28:37,Completed,766
285,638,81,Chicken Tikka,2024-12-19,09:38:40,Completed,447
286,959,163,Chicken Momos,2023-09-17,21:57:54,Completed,121
287,443,73,Chole Bhature,2023-04-24,18:29:04,Completed,345
288,853,23,Chicken Biryani,2025-01-16,19:28:05,Completed,644
289,339,116,Dal Makhani,2025-01-08,11:52:56,Completed,638
290,759,64,Burger,2024-12-20,10:15:53,Completed,383
291,171,94,Pav Bhaji,2023-09-16,15:19:13,Completed,253
292,544,200,Burger,2024-10-24,17:13:32,Completed,760
293,211,11,Veg Momos,2023-06-29,22:19:53,Completed,330
294,692,41,Chicken Biryani,2023-10-12,20:20:08,Completed,278
295,287,27,Paneer Tikka,2024-04-19,15:13:18,Completed,162
296,427,86,Burger,2025-06-28,17:48:52,Pending,866
297,751,93,Chole Bhature,2023-01-27,09:03:57,Completed,636
298,641,195,Masala Dosa,2023-09-23,21:15:36,Completed,886
299,487,115,Hakka Noodles,2023-11-08,09:56:29,Completed,213
300,378,51,Hakka Noodles,2024-09-17,20:15:18,Completed,338
301,844,96,Farmhouse Pizza,2024-11-18,12:44:49,Completed,828
302,285,80,Chicken Momos,2024-01-04,09:59:08,Completed,491
303,771,105,Farmhouse Pizza,2023-08-16,14:50:26,Completed,121
304,235,82,Margherita Pizza,2023-11-10,21:07:37,Completed,809
305,766,188,Margherita Pizza,2023-02-16,20:32:39,Completed,319
306,21,162,Dal Makhani,2023-10-04,10:06:54,Completed,225
307,468,69,Caesar Salad,2025-04-02,21:26:00,Completed,947
308,389,142,Chicken Biryani,2023-11-03,09:09:25,Completed,673
309,707,70,Paneer Butter Masala,2024-10-28,20:37:45,Completed,690
310,850,90,Dal Makhani,2024-02-28,16:25:12,Cancelled,798
311,677,110,Paneer Butter Masala,2024-01-07,20:57:53,Completed,832
312,800,91,Farmhouse Pizza,2023-02-18,12:54:42,Completed,632
313,705,17,Veg Fried Rice,2023-01-14,20:56:53,Completed,552
314,985,147,Fish Curry,2024-01-16,20:52:52,Completed,856
315,698,65,Fish Curry,2025-04-15,10:44:37,Completed,346
316,202,171,Chole Bhature,2024-09-14,17:35:53,Completed,300
317,493,171,Masala Dosa,2023-03-08,21:47:25,Completed,929
318,160,56,Chicken Tikka,2024-07-04,19:27:23,Pending,122
319,969,10,Chole Bhature,2023-03-28,20:29:08,Completed,648
320,270,40,Fish Curry,2024-09-17,20:24:20,Pending,866
321,643,172,Pav Bhaji,2025-01-23,22:12:44,Completed,334
322,292,81,Burger,2023-08-01,21:42:38,Completed,761
323,977,167,Chole Bhature,2025-02-01,17:15:11,Completed,840
324,346,198,Farmhouse Pizza,2023-06-17,14:37:54,Completed,387
325,432,52,Idli Sambar,2024-12-29,13:58:37,Completed,301
326,689,165,Chicken Biryani,2024-02-15,22:26:47,Completed,268
327,738,68,Chicken Biryani,2023-06-19,14:46:37,Completed,264
328,175,34,Paneer Tikka,2023-02-04,15:03:57,Completed,337
329,204,20,Masala Dosa,2023-07-07,16:31:41,Cancelled,621
330,936,75,Hakka Noodles,2025-05-01,10:17:07,Completed,217
331,810,128,Paneer Tikka,2023-06-05,17:27:48,Completed,778
332,795,137,Dal Makhani,2024-06-28,21:36:25,Completed,568
333,581,165,Veg Momos,2024-07-24,09:32:11,Completed,290
334,990,129,Chicken Biryani,2025-01-05,22:21:35,Pending,727
335,471,126,Masala Dosa,2025-03-11,12:02:31,Completed,471
336,356,77,Chicken Tikka,2023-06-27,14:48:56,Completed,389
337,490,154,Veg Biryani,2024-01-16,20:20:00,Completed,692
338,969,195,Hakka Noodles,2023-07-09,22:44:14,Completed,511
339,305,32,Margherita Pizza,2023-11-03,11:04:50,Completed,746
340,441,86,Hakka Noodles,2023-03-19,10:53:18,Pending,756
341,93,120,Chicken Biryani,2023-01-12,22:19:00,Completed,869
342,281,173,Burger,2025-02-20,14:25:20,Completed,166
343,479,82,Pav Bhaji,2025-04-05,12:37:45,Completed,510
344,607,161,Veg Biryani,2024-03-20,10:28:33,Completed,903
345,4,1,Chicken Tikka,2024-06-10,09:29:32,Completed,623
346,856,38,Margherita Pizza,2024-10-03,21:08:11,Completed,625
347,490,64,Veg Fried Rice,2024-05-23,15:00:44,Completed,126
348,535,45,Dal Makhani,2024-11-05,14:51:59,Cancelled,328
349,403,50,Masala Dosa,2023-11-12,22:33:42,Completed,536
350,943,127,Fish Curry,2025-04-03,18:56:02,Completed,287
351,343,32,Idli Sambar,2023-09-28,18:42:28,Completed,182
352,197,175,Idli Sambar,2025-05-11,17:17:42,Completed,865
353,409,102,Hakka Noodles,2025-06-23,12:31:52,Completed,687
354,867,67,Chicken Tikka,2023-05-15,12:37:09,Completed,884
355,385,41,Veg Momos,2023-06-05,21:32:09,Completed,394
356,84,71,Paneer Tikka,2024-07-17,21:52:42,Completed,932
357,969,164,Chole Bhature,2023-09-01,11:25:27,Completed,558
358,95,187,Butter Chicken,2023-11-29,13:00:59,Pending,830
359,830,56,Hakka Noodles,2023-08-30,14:20:28,Completed,238
360,383,92,Masala Dosa,2024-10-16,13:18:13,Completed,759
361,252,46,Pav Bhaji,2025-03-13,15:23:03,Cancelled,405
362,923,198,Caesar Salad,2024-04-04,14:24:52,Completed,604
363,28,126,Paneer Tikka,2025-04-06,17:52:10,Completed,319
364,172,153,Chole Bhature,2025-02-26,13:36:18,Completed,419
365,9,61,Fish Curry,2023-08-11,13:08:46,Completed,330
366,284,56,Chicken Biryani,2024-03-27,17:57:26,Completed,692
367,17,198,Veg Biryani,2023-01-28,21:59:09,Completed,796
368,760,113,Pav Bhaji,2024-11-24,19:00:53,Completed,779
369,92,47,Farmhouse Pizza,2025-03-06,17:26:50,Completed,839
370,955,111,Pav Bhaji,2023-08-28,12:28:59,Completed,481
371,842,122,Chicken Biryani,2024-08-26,12:18:41,Completed,596
372,107,114,Chicken Biryani,2025-03-25,16:27:24,Pending,383
373,539,61,Paneer Tikka,2025-04-27,09:22:10,Completed,309
374,109,71,Chicken Momos,2025-04-25,19:43:12,Completed,164
375,460,92,Chicken Tikka,2024-07-28,21:36:05,Completed,706
376,41,28,Paneer Butter Masala,2024-07-18,10:55:34,Completed,832
377,726,23,Idli Sambar,2023-09-07,11:11:57,Pending,157
378,78,62,Dal Makhani,2023-01-27,18:36:57,Completed,549
379,854,24,Masala Dosa,2023-03-08,13:06:48,Completed,301
380,314,149,Margherita Pizza,2023-05-08,10:08:28,Completed,365
381,643,46,Butter Chicken,2024-04-14,11:28:11,Completed,466
382,571,24,Veg Momos,2024-12-21,15:35:08,Completed,780
383,707,123,Paneer Tikka,2024-04-21,19:49:56,Completed,814
384,738,107,Chicken Momos,2025-05-24,20:07:03,Completed,636
385,799,44,Burger,2023-06-03,17:47:50,Completed,456
386,161,98,Dal Makhani,2023-08-28,21:41:42,Completed,223
387,328,150,Veg Momos,2024-06-10,10:37:01,Completed,559
388,169,136,Pav Bhaji,2023-08-07,22:32:17,Completed,827
389,440,129,Veg Fried Rice,2024-08-07,20:02:00,Completed,696
390,898,175,Chicken Tikka,2024-05-24,21:51:42,Completed,559
391,853,103,Chicken Momos,2024-05-28,17:48:33,Completed,936
392,977,38,Dal Makhani,2024-03-14,09:26:01,Cancelled,737
393,300,26,Veg Biryani,2023-11-02,15:49:37,Completed,755
394,478,192,Veg Fried Rice,2025-04-28,14:12:49,Cancelled,414
395,762,118,Chicken Tikka,2024-03-05,09:31:35,Pending,835
396,531,138,Pav Bhaji,2024-08-30,15:30:08,Completed,764
397,160,178,Butter Chicken,2024-05-04,13:31:23,Completed,266
398,379,176,Butter Chicken,2023-06-13,12:11:46,Completed,760
399,425,17,Paneer Tikka,2024-09-23,18:51:51,Completed,414
400,161,45,Chicken Momos,2023-07-30,09:45:51,Completed,131
401,306,116,Idli Sambar,2023-09-21,11:51:51,Completed,776
402,668,197,Farmhouse Pizza,2024-02-24,15:03:39,Completed,825
403,419,34,Paneer Tikka,2024-08-01,14:37:30,Completed,562
404,858,150,Margherita Pizza,2023-06-19,12:53:06,Completed,914
405,366,2,Chicken Biryani,2024-09-09,11:45:29,Completed,656
406,22,195,Veg Biryani,2023-05-07,22:32:59,Completed,711
407,918,140,Farmhouse Pizza,2024-07-22,15:14:46,Completed,400
408,227,20,Chole Bhature,2024-12-06,21:51:21,Completed,734
409,126,140,Idli Sambar,2023-02-09,13:37:39,Completed,165
410,508,135,Paneer Tikka,2023-07-11,09:59:56,Cancelled,360
411,428,125,Chicken Biryani,2024-12-16,13:13:38,Completed,699
412,872,157,Chicken Tikka,2024-02-23,19:26:18,Completed,170
413,808,29,Paneer Tikka,2025-05-26,09:52:15,Completed,642
414,865,101,Idli Sambar,2025-02-13,20:12:01,Completed,296
415,383,40,Veg Fried Rice,2023-08-16,18:08:39,Pending,807
416,154,85,Butter Chicken,2024-07-24,19:44:41,Pending,557
417,287,103,Butter Chicken,2023-01-27,16:42:27,Completed,670
418,674,121,Veg Momos,2025-05-10,13:47:05,Completed,713
419,424,115,Veg Momos,2024-08-17,12:18:36,Completed,416
420,421,22,Chicken Biryani,2025-02-01,13:46:13,Cancelled,560
421,935,186,Paneer Butter Masala,2024-11-25,11:14:23,Completed,195
422,261,10,Burger,2023-10-29,12:19:04,Completed,749
423,102,171,Hakka Noodles,2025-04-03,13:13:26,Completed,429
424,633,35,Chole Bhature,2025-02-07,19:48:52,Completed,669
425,417,14,Caesar Salad,2023-12-25,11:10:49,Completed,338
426,163,161,Chicken Biryani,2024-04-14,17:35:22,Completed,612
427,567,117,Dal Makhani,2023-11-13,15:47:42,Completed,485
428,468,175,Margherita Pizza,2025-01-20,10:51:43,Completed,585
429,744,184,Margherita Pizza,2023-11-15,16:17:39,Completed,641
430,560,199,Burger,2024-10-30,12:52:53,Completed,841
431,526,185,Farmhouse Pizza,2023-09-01,18:57:47,Completed,609
432,356,54,Caesar Salad,2024-05-22,17:57:24,Completed,711
433,618,89,Veg Fried Rice,2024-10-24,10:39:55,Cancelled,187
434,265,136,Pav Bhaji,2024-03-24,20:53:35,Completed,695
435,221,78,Idli Sambar,2024-10-10,17:24:20,Completed,611
436,34,172,Hakka Noodles,2024-06-19,21:18:58,Completed,144
437,30,41,Paneer Tikka,2024-01-31,22:37:45,Completed,541
438,156,17,Burger,2023-03-21,11:32:18,Completed,160
439,323,82,Chicken Momos,2024-10-05,21:56:31,Completed,931
440,4,167,Idli Sambar,2023-10-27,19:16:43,Completed,200
441,163,181,Margherita Pizza,2023-11-16,15:29:31,Completed,612
442,933,123,Burger,2023-06-26,20:07:38,Completed,819
443,193,108,Masala Dosa,2023-10-13,18:17:17,Completed,854
444,509,166,Chole Bhature,2024-06-24,20:59:18,Completed,308
445,997,89,Chicken Tikka,2024-07-31,14:11:04,Completed,737
446,647,190,Caesar Salad,2023-07-06,10:23:32,Completed,700
447,29,75,Veg Biryani,2024-11-01,14:45:09,Completed,358
448,269,32,Chole Bhature,2023-11-24,10:54:31,Completed,300
449,823,155,Veg Fried Rice,2025-01-01,09:50:40,Completed,329
450,47,143,Paneer Tikka,2024-04-24,10:04:39,Completed,835
451,81,169,Pav Bhaji,2024-07-19,13:30:57,Completed,399
452,636,83,Chicken Momos,2024-04-04,17:52:54,Completed,502
453,745,47,Pav Bhaji,2024-08-29,15:02:56,Cancelled,190
454,203,115,Veg Fried Rice,2025-03-20,20:46:21,Completed,784
455,91,17,Pav Bhaji,2025-06-11,19:55:22,Completed,905
456,845,65,Chicken Tikka,2023-10-28,11:02:31,Cancelled,252
457,87,67,Veg Fried Rice,2023-06-06,14:16:35,Completed,814
458,258,96,Paneer Tikka,2023-02-11,21:05:23,Completed,660
459,439,200,Fish Curry,2025-01-29,22:43:25,Cancelled,702
460,73,114,Chicken Tikka,2023-02-16,20:14:55,Completed,204
461,27,1,Chicken Biryani,2024-04-03,22:01:54,Completed,181
462,876,197,Butter Chicken,2023-10-17,11:46:50,Completed,425
463,77,36,Chicken Tikka,2024-10-03,11:22:47,Completed,460
464,964,22,Paneer Tikka,2023-09-26,10:08:11,Completed,776
465,825,56,Veg Fried Rice,2023-07-29,20:24:56,Completed,753
466,125,6,Burger,2024-06-28,12:35:05,Completed,416
467,774,190,Veg Biryani,2023-04-29,13:47:58,Completed,382
468,771,146,Veg Fried Rice,2024-06-17,18:59:36,Completed,518
469,166,177,Idli Sambar,2023-07-11,22:43:05,Completed,643
470,282,12,Butter Chicken,2023-08-09,22:25:34,Completed,241
471,173,100,Dal Makhani,2023-12-12,21:24:19,Completed,926
472,134,76,Paneer Butter Masala,2023-07-07,18:26:53,Completed,327
473,253,64,Dal Makhani,2023-08-20,13:23:20,Completed,707
474,121,119,Paneer Butter Masala,2024-07-26,15:55:12,Completed,852
475,989,162,Paneer Butter Masala,2025-01-14,21:59:04,Completed,844
476,665,122,Veg Fried Rice,2025-06-15,14:16:24,Completed,693
477,764,122,Caesar Salad,2024-08-24,14:48:25,Completed,567
478,490,53,Idli Sambar,2023-02-28,20:37:49,Completed,504
479,228,196,Butter Chicken,2025-02-08,16:46:22,Cancelled,948
480,585,77,Pav Bhaji,2024-08-15,15:41:09,Completed,779
481,639,69,Chicken Momos,2024-12-21,09:58:47,Completed,405
482,516,51,Chole Bhature,2025-04-26,19:37:58,Completed,893
483,409,26,Paneer Tikka,2024-02-29,10:13:23,Completed,519
484,681,42,Masala Dosa,2023-04-24,19:23:36,Cancelled,936
485,858,177,Hakka Noodles,2024-11-26,12:37:11,Completed,865
486,596,111,Dal Makhani,2023-03-21,19:20:46,Completed,459
487,756,186,Burger,2025-01-20,13:00:55,Completed,822
488,761,139,Veg Biryani,2024-06-13,12:46:49,Pending,384
489,386,47,Fish Curry,2024-02-16,09:59:17,Completed,600
490,157,88,Margherita Pizza,2023-06-23,16:54:48,Completed,556
491,288,2,Idli Sambar,2024-06-17,13:17:02,Completed,308
492,861,52,Pav Bhaji,2023-08-26,18:55:06,Pending,949
493,231,162,Veg Biryani,2023-11-14,13:43:35,Completed,837
494,964,135,Chole Bhature,2024-06-23,20:22:03,Cancelled,890
495,558,197,Margherita Pizza,2023-03-14,16:32:52,Completed,402
496,498,103,Dal Makhani,2024-09-24,18:42:10,Completed,676
497,169,65,Chole Bhature,2024-05-17,10:00:00,Completed,547
498,386,2,Idli Sambar,2025-02-14,15:34:35,Completed,713
499,673,63,Paneer Butter Masala,2023-12-17,16:02:41,Completed,865
500,948,134,Pav Bhaji,2025-01-24,12:34:35,Completed,219
501,656,122,Paneer Tikka,2024-03-19,20:37:07,Cancelled,942
502,308,13,Chicken Tikka,2024-12-30,17:24:15,Completed,944
503,845,30,Burger,2024-05-27,21:39:38,Completed,915
504,559,38,Veg Momos,2023-05-05,10:26:16,Cancelled,625
505,281,101,Veg Momos,2024-10-06,18:16:38,Completed,225
506,551,91,Veg Fried Rice,2024-02-10,11:25:02,Cancelled,313
507,159,112,Chicken Biryani,2023-03-21,21:10:44,Pending,623
508,559,4,Hakka Noodles,2025-02-17,17:02:40,Completed,933
509,808,25,Pav Bhaji,2023-10-28,20:58:59,Completed,418
510,896,38,Chicken Momos,2024-10-18,15:20:58,Pending,421
511,481,120,Chicken Tikka,2023-10-22,13:34:31,Completed,192
512,126,109,Pav Bhaji,2024-11-04,11:37:31,Completed,936
513,433,111,Paneer Butter Masala,2023-08-05,15:46:28,Completed,559
514,160,108,Chicken Tikka,2024-02-22,11:15:19,Completed,200
515,688,77,Chicken Biryani,2024-03-06,16:52:56,Completed,877
516,502,74,Chole Bhature,2023-05-08,13:14:55,Completed,242
517,185,61,Dal Makhani,2023-05-10,13:59:05,Completed,473
518,389,40,Chole Bhature,2025-03-07,15:36:22,Cancelled,647
519,247,189,Pav Bhaji,2025-05-07,22:48:06,Completed,450
520,990,139,Burger,2025-05-12,15:31:47,Completed,216
521,841,97,Hakka Noodles,2024-02-19,17:16:37,Completed,937
522,4,151,Dal Makhani,2024-01-06,12:23:42,Completed,263
523,150,31,Veg Biryani,2024-10-20,13:30:29,Completed,565
524,240,163,Dal Makhani,2023-10-30,22:50:31,Completed,568
525,57,28,Chicken Biryani,2023-05-30,22:21:15,Completed,306
526,707,4,Farmhouse Pizza,2025-05-15,22:58:14,Completed,531
527,224,138,Butter Chicken,2024-06-21,09:03:41,Completed,282
528,365,172,Fish Curry,2025-02-17,15:41:14,Completed,560
529,761,40,Pav Bhaji,2024-11-09,10:42:13,Completed,541
530,190,98,Pav Bhaji,2024-11-03,14:28:15,Completed,930
531,208,58,Margherita Pizza,2024-08-17,13:38:59,Completed,741
532,871,27,Butter Chicken,2024-12-22,16:18:36,Completed,646
533,749,66,Veg Fried Rice,2024-08-24,16:36:26,Completed,255
534,878,154,Chicken Biryani,2023-02-18,15:29:18,Completed,417
535,83,90,Masala Dosa,2025-02-12,18:10:30,Completed,351
536,601,2,Pav Bhaji,2023-08-01,19:23:03,Completed,689
537,847,64,Dal Makhani,2023-12-25,21:47:30,Completed,767
538,901,128,Idli Sambar,2024-08-09,20:39:26,Completed,621
539,804,186,Veg Momos,2025-06-30,10:21:52,Completed,739
540,164,75,Idli Sambar,2023-08-23,16:41:40,Cancelled,542
541,674,84,Masala Dosa,2023-07-17,13:27:15,Completed,948
542,92,16,Idli Sambar,2024-10-11,09:51:24,Completed,399
543,787,188,Chicken Biryani,2024-09-12,15:18:45,Completed,557
544,906,92,Veg Momos,2024-09-30,11:42:57,Completed,690
545,48,77,Chicken Tikka,2023-08-04,21:17:28,Completed,938
546,807,121,Hakka Noodles,2023-06-17,13:30:20,Completed,500
547,251,30,Chicken Momos,2024-12-09,11:28:57,Completed,257
548,371,196,Farmhouse Pizza,2024-05-01,17:19:48,Completed,269
549,791,66,Chicken Tikka,2023-07-16,12:49:54,Pending,773
550,580,18,Caesar Salad,2023-09-13,18:59:49,Completed,628
551,458,114,Burger,2024-03-15,16:18:59,Completed,443
552,911,15,Chicken Tikka,2023-02-13,19:46:04,Completed,678
553,270,189,Caesar Salad,2024-07-24,21:39:26,Completed,757
554,961,12,Hakka Noodles,2023-10-09,16:53:38,Cancelled,874
555,346,4,Butter Chicken,2024-04-08,17:55:15,Cancelled,160
556,571,51,Veg Momos,2024-11-09,18:46:19,Completed,466
557,723,93,Veg Momos,2024-02-10,17:38:22,Completed,708
558,626,95,Hakka Noodles,2023-09-08,10:38:26,Pending,532
559,290,84,Caesar Salad,2025-03-13,18:53:40,Completed,883
560,583,149,Pav Bhaji,2024-10-11,15:25:33,Pending,257
561,42,34,Paneer Butter Masala,2024-01-13,09:48:56,Completed,596
562,663,40,Chicken Biryani,2025-03-21,20:19:53,Completed,582
563,459,55,Fish Curry,2023-11-15,14:31:57,Completed,309
564,796,112,Margherita Pizza,2024-06-16,14:34:04,Completed,389
565,514,66,Veg Biryani,2025-02-23,16:27:25,Completed,405
566,362,116,Dal Makhani,2023-06-12,19:25:28,Cancelled,148
567,700,137,Fish Curry,2024-01-01,15:08:32,Completed,848
568,288,178,Idli Sambar,2024-07-09,12:21:24,Completed,571
569,90,153,Chicken Tikka,2024-11-21,15:23:09,Completed,316
570,76,34,Chole Bhature,2023-05-19,11:30:00,Completed,260
571,194,43,Paneer Tikka,2023-07-01,18:07:50,Cancelled,732
572,421,72,Burger,2024-10-10,16:20:52,Completed,798
573,57,107,Masala Dosa,2023-04-12,20:04:23,Completed,933
574,901,97,Chicken Tikka,2023-08-26,22:01:39,Completed,746
575,750,35,Hakka Noodles,2023-04-26,19:17:27,Completed,654
576,398,51,Veg Biryani,2023-03-13,10:08:30,Cancelled,433
577,600,45,Hakka Noodles,2024-01-22,11:27:04,Completed,652
578,444,85,Chicken Biryani,2024-12-02,19:41:39,Completed,549
579,43,191,Chole Bhature,2025-02-25,18:15:49,Completed,491
580,207,17,Chicken Tikka,2023-08-23,14:08:30,Completed,624
581,210,110,Dal Makhani,2023-01-02,14:36:45,Completed,254
582,846,172,Dal Makhani,2023-01-07,22:28:22,Completed,844
583,74,30,Veg Momos,2024-07-02,13:42:08,Completed,152
584,188,145,Paneer Butter Masala,2023-07-06,22:45:06,Completed,897
585,109,175,Pav Bhaji,2023-01-26,15:13:20,Completed,255
586,235,74,Caesar Salad,2024-11-28,16:06:30,Completed,189
587,715,131,Chicken Biryani,2025-06-13,12:41:23,Completed,268
588,324,23,Butter Chicken,2024-08-02,10:17:17,Completed,555
589,687,179,Masala Dosa,2023-11-13,18:34:17,Completed,695
590,450,194,Masala Dosa,2023-02-24,18:58:22,Completed,320
591,357,102,Burger,2023-11-17,10:33:28,Completed,315
592,564,195,Burger,2024-07-30,14:40:50,Completed,311
593,346,179,Paneer Butter Masala,2023-02-08,14:15:16,Completed,836
594,49,156,Paneer Butter Masala,2023-02-13,13:28:37,Cancelled,220
595,425,73,Margherita Pizza,2023-09-07,09:11:03,Completed,534
596,622,127,Dal Makhani,2024-04-05,19:16:39,Completed,903
597,145,121,Caesar Salad,2024-08-18,14:22:43,Completed,314
598,776,23,Chole Bhature,2023-05-16,14:30:06,Completed,834
599,113,51,Fish Curry,2025-02-09,16:16:15,Completed,592
600,528,116,Paneer Butter Masala,2023-02-18,18:22:53,Completed,856
601,493,195,Hakka Noodles,2025-03-16,17:07:54,Completed,389
602,597,84,Chole Bhature,2024-09-15,20:11:12,Completed,192
603,422,84,Chicken Biryani,2023-07-31,15:13:13,Completed,483
604,890,27,Paneer Tikka,2024-10-15,20:18:55,Completed,187
605,505,171,Burger,2025-01-07,19:41:48,Completed,166
606,555,15,Pav Bhaji,2023-11-21,09:29:35,Completed,224
607,183,22,Veg Momos,2023-07-26,20:55:18,Completed,242
608,922,173,Chicken Biryani,2024-07-07,12:11:05,Pending,138
609,167,166,Masala Dosa,2024-12-07,19:32:59,Completed,866
610,843,151,Farmhouse Pizza,2024-03-27,15:04:54,Completed,405
611,657,22,Veg Biryani,2024-08-03,22:36:09,Completed,132
612,619,185,Veg Biryani,2024-10-19,10:17:28,Completed,874
613,287,69,Veg Biryani,2025-04-04,19:54:17,Completed,794
614,973,181,Fish Curry,2024-05-26,14:28:54,Completed,286
615,862,35,Idli Sambar,2024-10-11,20:00:02,Completed,856
616,305,41,Pav Bhaji,2025-05-29,16:08:40,Completed,672
617,588,141,Veg Fried Rice,2023-03-27,15:26:37,Completed,620
618,734,163,Paneer Tikka,2024-08-26,11:07:10,Completed,521
619,618,28,Chole Bhature,2023-10-10,18:20:56,Completed,757
620,349,51,Veg Biryani,2023-09-10,10:26:07,Completed,456
621,431,164,Dal Makhani,2023-09-19,21:00:36,Completed,601
622,382,17,Butter Chicken,2024-12-17,10:32:56,Completed,545
623,876,73,Butter Chicken,2024-06-06,12:08:00,Completed,723
624,811,40,Hakka Noodles,2023-10-20,10:17:59,Completed,651
625,744,137,Chicken Biryani,2023-11-10,15:37:32,Completed,146
626,929,57,Paneer Butter Masala,2024-07-27,15:22:06,Completed,798
627,855,130,Farmhouse Pizza,2024-10-12,13:08:54,Completed,521
628,291,113,Veg Momos,2023-01-23,11:53:28,Completed,370
629,907,66,Burger,2023-04-20,13:51:43,Completed,521
630,38,114,Burger,2023-05-23,13:58:14,Completed,755
631,327,37,Margherita Pizza,2024-03-01,11:02:22,Completed,281
632,448,69,Masala Dosa,2024-01-10,16:03:43,Completed,578
633,227,71,Butter Chicken,2023-12-11,10:56:52,Completed,879
634,576,156,Chole Bhature,2024-06-26,17:37:52,Completed,647
635,832,139,Idli Sambar,2023-11-16,18:13:27,Completed,660
636,796,98,Chole Bhature,2023-09-15,17:23:20,Completed,902
637,936,185,Idli Sambar,2025-05-29,14:36:28,Completed,232
638,152,159,Chicken Momos,2024-09-30,13:16:23,Completed,320
639,584,133,Fish Curry,2024-07-10,20:30:50,Completed,944
640,600,79,Chicken Momos,2023-09-20,14:13:01,Completed,585
641,501,127,Burger,2023-11-18,10:03:49,Completed,537
642,171,55,Chicken Biryani,2024-09-20,19:42:13,Completed,459
643,777,166,Paneer Butter Masala,2023-08-31,10:42:45,Completed,152
644,176,93,Chole Bhature,2025-06-16,14:34:10,Completed,777
645,107,62,Hakka Noodles,2025-04-09,15:00:56,Completed,155
646,588,169,Veg Biryani,2023-11-29,12:09:20,Completed,446
647,773,113,Margherita Pizza,2024-12-01,12:29:17,Completed,938
648,68,126,Caesar Salad,2025-01-02,13:44:09,Completed,911
649,992,55,Fish Curry,2024-09-02,21:55:01,Completed,765
650,260,178,Caesar Salad,2024-06-24,09:35:11,Completed,820
651,365,20,Burger,2025-03-20,15:36:17,Completed,412
652,645,102,Chicken Biryani,2025-04-24,10:25:14,Completed,779
653,826,155,Idli Sambar,2024-07-21,20:09:19,Completed,131
654,849,112,Chicken Momos,2024-08-02,18:53:23,Completed,469
655,289,60,Chicken Tikka,2023-06-04,10:48:41,Completed,133
656,342,59,Masala Dosa,2025-03-23,21:58:54,Completed,594
657,865,21,Burger,2024-10-17,15:55:01,Pending,596
658,841,49,Paneer Tikka,2024-05-06,22:42:03,Completed,814
659,926,58,Farmhouse Pizza,2024-03-22,20:21:16,Completed,694
660,264,3,Burger,2023-11-22,13:35:26,Cancelled,805
661,244,168,Paneer Butter Masala,2024-09-07,20:53:21,Completed,469
662,799,36,Veg Fried Rice,2024-10-05,09:07:33,Completed,514
663,580,12,Chicken Biryani,2024-12-11,22:29:59,Completed,293
664,110,178,Idli Sambar,2024-09-29,14:55:53,Completed,790
665,404,97,Butter Chicken,2025-04-13,09:10:38,Completed,687
666,276,167,Butter Chicken,2025-01-20,10:03:17,Completed,638
667,473,80,Idli Sambar,2023-11-28,14:59:01,Completed,276
668,227,198,Farmhouse Pizza,2023-05-30,11:36:09,Completed,169
669,697,57,Veg Momos,2024-09-27,15:34:02,Completed,940
670,709,113,Pav Bhaji,2023-11-24,18:15:02,Completed,882
671,134,127,Paneer Butter Masala,2024-05-06,20:23:54,Completed,451
672,769,161,Chicken Biryani,2023-01-08,14:49:42,Completed,164
673,33,184,Paneer Butter Masala,2023-10-07,17:49:03,Completed,165
674,671,144,Hakka Noodles,2025-03-06,14:16:36,Completed,581
675,499,134,Dal Makhani,2023-06-23,16:19:26,Completed,634
676,713,82,Butter Chicken,2024-12-18,20:36:29,Cancelled,847
677,109,32,Masala Dosa,2025-05-20,16:44:41,Completed,659
678,98,99,Pav Bhaji,2023-02-04,18:54:36,Completed,465
679,19,58,Veg Fried Rice,2024-10-25,13:29:24,Completed,412
680,412,91,Chole Bhature,2023-02-16,20:15:28,Completed,481
681,718,91,Paneer Tikka,2023-12-18,14:10:35,Completed,765
682,580,5,Pav Bhaji,2025-05-01,22:47:11,Completed,185
683,764,165,Idli Sambar,2024-08-20,20:54:24,Completed,410
684,137,54,Veg Momos,2025-03-13,15:23:33,Completed,627
685,804,176,Farmhouse Pizza,2024-09-15,13:13:50,Cancelled,334
686,543,116,Veg Fried Rice,2023-09-21,14:54:56,Completed,580
687,605,31,Pav Bhaji,2023-04-18,15:29:54,Completed,155
688,538,156,Margherita Pizza,2023-09-01,12:49:52,Completed,205
689,811,142,Margherita Pizza,2023-11-16,17:26:09,Completed,906
690,907,73,Chicken Tikka,2025-01-12,16:34:31,Completed,928
691,54,139,Paneer Butter Masala,2025-06-20,22:18:46,Completed,514
692,414,117,Masala Dosa,2023-09-19,11:29:48,Completed,697
693,606,82,Hakka Noodles,2023-07-12,16:14:34,Completed,834
694,359,116,Margherita Pizza,2025-04-04,13:46:23,Completed,778
695,512,19,Burger,2024-04-30,17:31:22,Completed,288
696,158,66,Burger,2024-03-16,13:28:01,Completed,846
697,60,107,Dal Makhani,2025-04-27,18:25:07,Completed,544
698,604,162,Masala Dosa,2025-01-16,09:19:55,Completed,866
699,463,137,Margherita Pizza,2023-12-21,21:52:11,Completed,369
700,457,194,Dal Makhani,2025-04-10,15:56:37,Pending,257
701,245,163,Idli Sambar,2025-01-27,22:12:52,Pending,642
702,352,118,Hakka Noodles,2025-01-14,13:33:17,Completed,752
703,884,149,Caesar Salad,2023-05-23,09:27:32,Completed,321
704,168,177,Caesar Salad,2024-11-11,17:26:10,Pending,460
705,741,101,Paneer Butter Masala,2023-12-27,20:57:53,Pending,331
706,8,118,Chicken Biryani,2024-05-20,11:52:26,Completed,660
707,356,10,Idli Sambar,2024-05-23,13:42:38,Cancelled,302
708,937,34,Chicken Biryani,2025-01-22,15:39:31,Completed,927
709,235,102,Burger,2023-07-13,21:23:44,Completed,300
710,102,4,Hakka Noodles,2023-12-16,13:15:58,Completed,476
711,63,11,Burger,2024-06-10,14:57:39,Completed,575
712,44,43,Farmhouse Pizza,2025-04-30,12:42:35,Completed,426
713,722,187,Chicken Momos,2024-11-20,19:38:33,Completed,882
714,466,33,Veg Fried Rice,2023-10-13,22:07:37,Completed,749
715,769,188,Chicken Momos,2024-08-11,12:33:10,Completed,531
716,19,182,Burger,2024-03-07,21:31:37,Completed,364
717,733,87,Farmhouse Pizza,2023-04-05,21:16:40,Pending,570
718,107,135,Masala Dosa,2023-07-31,18:53:28,Completed,185
719,654,95,Fish Curry,2025-03-05,20:27:01,Pending,523
720,840,71,Paneer Butter Masala,2023-06-06,18:55:27,Completed,551
721,423,28,Dal Makhani,2025-03-15,11:48:11,Completed,521
722,669,41,Burger,2023-02-20,13:52:25,Completed,504
723,545,142,Farmhouse Pizza,2023-06-27,15:39:16,Completed,316
724,833,12,Idli Sambar,2025-04-16,17:02:47,Cancelled,893
725,266,152,Margherita Pizza,2025-04-15,11:30:38,Completed,624
726,72,25,Chicken Tikka,2023-06-02,18:53:33,Completed,827
727,588,155,Veg Fried Rice,2024-06-01,20:21:22,Completed,138
728,440,93,Chicken Biryani,2023-04-19,10:43:45,Completed,355
729,125,73,Hakka Noodles,2023-02-04,12:59:50,Completed,593
730,52,165,Pav Bhaji,2024-12-06,09:08:00,Completed,413
731,449,152,Caesar Salad,2025-06-07,18:20:48,Completed,637
732,318,65,Caesar Salad,2023-03-30,11:13:44,Completed,543
733,387,180,Dal Makhani,2024-11-07,18:11:40,Completed,248
734,126,200,Dal Makhani,2023-09-06,20:18:25,Completed,343
735,371,13,Margherita Pizza,2023-01-25,20:04:57,Completed,779
736,907,150,Caesar Salad,2023-01-03,21:17:11,Completed,939
737,604,109,Paneer Butter Masala,2023-05-09,13:20:16,Completed,380
738,779,5,Veg Fried Rice,2024-09-05,22:38:55,Completed,594
739,580,26,Chole Bhature,2025-01-19,15:20:21,Completed,374
740,570,9,Masala Dosa,2023-12-04,22:49:00,Completed,647
741,384,91,Dal Makhani,2024-01-31,11:55:36,Completed,823
742,283,96,Dal Makhani,2023-06-07,11:38:13,Completed,295
743,634,99,Chicken Tikka,2025-06-22,17:25:16,Completed,944
744,429,176,Paneer Butter Masala,2023-06-13,16:49:12,Completed,356
745,261,132,Veg Fried Rice,2024-02-29,19:40:04,Completed,836
746,74,72,Chicken Momos,2024-09-13,11:47:34,Completed,704
747,426,40,Masala Dosa,2023-01-22,17:32:07,Completed,448
748,930,106,Paneer Tikka,2024-12-13,18:11:53,Pending,532
749,729,131,Pav Bhaji,2023-02-26,14:59:37,Cancelled,130
750,170,41,Farmhouse Pizza,2025-04-20,16:20:32,Completed,704
751,856,95,Veg Fried Rice,2024-05-16,22:15:52,Completed,414
752,11,125,Masala Dosa,2023-02-02,19:06:51,Completed,419
753,394,27,Burger,2023-08-02,22:53:29,Pending,253
754,474,149,Veg Biryani,2024-01-18,14:06:16,Cancelled,142
755,937,182,Chole Bhature,2024-03-04,21:02:50,Completed,410
756,780,79,Paneer Tikka,2024-05-08,19:21:20,Completed,946
757,456,74,Chole Bhature,2024-10-01,10:38:37,Completed,609
758,569,66,Paneer Tikka,2024-11-11,10:47:12,Completed,547
759,850,100,Masala Dosa,2024-02-26,21:50:25,Completed,906
760,151,58,Caesar Salad,2023-09-08,12:16:16,Pending,811
761,647,170,Idli Sambar,2025-05-13,12:02:38,Completed,751
762,628,123,Pav Bhaji,2024-03-15,14:30:51,Cancelled,319
763,75,165,Caesar Salad,2023-04-01,15:03:20,Completed,329
764,960,147,Dal Makhani,2024-07-24,21:40:45,Completed,450
765,963,3,Pav Bhaji,2024-01-23,20:12:52,Completed,599
766,586,44,Paneer Tikka,2024-05-01,18:13:12,Completed,794
767,17,1,Burger,2023-12-03,10:10:00,Completed,890
768,217,182,Fish Curry,2024-09-21,22:57:33,Completed,155
769,151,95,Chicken Tikka,2025-03-27,21:53:46,Completed,472
770,983,197,Paneer Butter Masala,2023-09-05,09:32:31,Completed,357
771,950,57,Farmhouse Pizza,2023-11-14,21:27:50,Completed,287
772,322,42,Chicken Biryani,2023-12-19,13:52:33,Completed,814
773,505,127,Paneer Tikka,2025-04-17,19:30:47,Completed,592
774,524,144,Idli Sambar,2025-02-26,16:39:50,Cancelled,850
775,30,95,Chole Bhature,2024-06-11,22:00:29,Cancelled,601
776,611,93,Hakka Noodles,2024-07-09,10:32:52,Completed,869
777,580,105,Butter Chicken,2023-12-03,14:54:39,Completed,484
778,708,10,Chicken Momos,2025-03-09,09:17:49,Completed,322
779,162,127,Margherita Pizza,2023-07-04,13:40:38,Completed,159
780,222,199,Chole Bhature,2025-05-31,13:51:47,Completed,389
781,779,175,Fish Curry,2024-06-04,20:21:54,Completed,247
782,963,6,Idli Sambar,2023-03-29,21:09:56,Completed,161
783,44,83,Farmhouse Pizza,2024-03-24,11:04:11,Completed,333
784,645,7,Margherita Pizza,2023-10-14,22:39:43,Completed,222
785,678,159,Veg Biryani,2023-01-06,18:29:14,Cancelled,947
786,821,133,Farmhouse Pizza,2024-07-23,20:45:12,Pending,139
787,511,165,Chicken Tikka,2023-03-30,13:54:49,Completed,731
788,844,126,Paneer Butter Masala,2023-03-19,12:34:12,Completed,152
789,482,111,Chicken Biryani,2023-01-01,21:15:57,Completed,530
790,603,7,Caesar Salad,2023-10-26,14:57:38,Completed,605
791,102,5,Idli Sambar,2023-03-25,22:04:03,Completed,272
792,792,97,Farmhouse Pizza,2023-09-08,22:54:55,Completed,753
793,286,198,Butter Chicken,2024-01-20,18:23:30,Completed,219
794,758,73,Paneer Tikka,2024-07-31,22:54:03,Completed,919
795,715,25,Caesar Salad,2023-12-05,21:39:51,Cancelled,626
796,796,113,Hakka Noodles,2023-03-31,16:07:56,Completed,255
797,976,33,Pav Bhaji,2025-01-03,14:51:32,Completed,426
798,317,31,Chicken Momos,2025-04-05,14:52:18,Completed,484
799,547,108,Farmhouse Pizza,2024-01-11,14:37:34,Completed,651
800,522,74,Masala Dosa,2024-06-18,09:30:20,Completed,203
801,324,124,Farmhouse Pizza,2023-08-10,19:17:24,Completed,714
802,680,105,Fish Curry,2024-05-23,13:07:29,Completed,467
803,887,170,Margherita Pizza,2024-02-26,15:21:01,Completed,249
804,377,196,Margherita Pizza,2023-03-02,18:46:31,Completed,537
805,148,140,Chicken Tikka,2023-07-26,19:19:36,Completed,504
806,796,135,Caesar Salad,2025-03-05,16:05:23,Completed,720
807,315,153,Fish Curry,2023-09-16,19:27:39,Completed,641
808,227,88,Caesar Salad,2025-03-07,21:34:16,Completed,641
809,454,38,Butter Chicken,2024-10-28,09:02:56,Pending,249
810,958,152,Veg Biryani,2024-02-05,10:25:13,Completed,256
811,76,82,Chicken Tikka,2023-02-23,11:26:01,Completed,687
812,186,137,Dal Makhani,2023-05-07,16:56:46,Completed,864
813,123,189,Veg Momos,2024-01-03,13:09:53,Completed,550
814,163,198,Veg Fried Rice,2025-04-13,14:17:41,Completed,895
815,849,18,Idli Sambar,2024-09-07,20:44:31,Completed,430
816,944,190,Paneer Tikka,2023-12-14,17:43:13,Completed,936
817,623,161,Dal Makhani,2025-03-02,22:20:06,Completed,733
818,119,10,Paneer Tikka,2024-04-05,22:36:27,Pending,564
819,499,120,Paneer Tikka,2025-04-29,17:55:01,Completed,230
820,267,68,Chicken Tikka,2024-04-07,20:36:39,Completed,413
821,142,167,Caesar Salad,2023-12-15,14:37:50,Completed,637
822,82,135,Paneer Tikka,2023-09-12,18:36:29,Completed,326
823,919,28,Paneer Butter Masala,2025-03-02,20:30:46,Completed,373
824,144,192,Hakka Noodles,2023-02-19,12:39:11,Completed,121
825,855,28,Pav Bhaji,2023-02-27,11:01:29,Completed,373
826,183,27,Paneer Tikka,2024-09-18,19:03:01,Completed,585
827,1000,57,Veg Biryani,2023-01-26,10:55:26,Completed,773
828,477,93,Masala Dosa,2023-04-24,15:08:44,Completed,937
829,400,130,Veg Fried Rice,2025-02-01,09:34:13,Completed,180
830,778,33,Hakka Noodles,2023-05-02,17:28:33,Completed,205
831,638,26,Butter Chicken,2024-06-16,21:27:39,Completed,195
832,722,148,Veg Biryani,2024-01-20,22:51:56,Completed,670
833,925,85,Paneer Tikka,2023-11-12,19:12:53,Completed,480
834,380,3,Farmhouse Pizza,2024-08-28,10:26:00,Completed,497
835,793,84,Fish Curry,2025-02-06,16:15:12,Pending,521
836,598,122,Chicken Tikka,2023-12-04,19:58:28,Cancelled,206
837,904,181,Chicken Tikka,2023-09-04,17:29:40,Completed,235
838,562,180,Margherita Pizza,2023-02-15,21:04:33,Completed,514
839,686,186,Hakka Noodles,2024-06-30,15:09:41,Completed,479
840,328,46,Fish Curry,2025-01-18,15:03:42,Completed,421
841,772,138,Pav Bhaji,2024-03-11,18:34:46,Completed,721
842,784,3,Pav Bhaji,2023-06-12,17:35:52,Pending,854
843,718,53,Paneer Butter Masala,2025-04-08,13:34:22,Completed,886
844,966,63,Paneer Tikka,2024-05-09,09:51:59,Completed,166
845,571,20,Idli Sambar,2024-08-11,15:05:30,Pending,422
846,615,96,Chicken Momos,2023-03-31,16:34:00,Completed,521
847,405,160,Chicken Biryani,2024-07-20,16:14:01,Completed,382
848,212,151,Chicken Momos,2025-03-19,17:40:25,Completed,851
849,822,9,Dal Makhani,2023-05-26,14:15:38,Completed,309
850,780,193,Paneer Tikka,2024-02-28,12:57:05,Cancelled,895
851,385,165,Chicken Biryani,2023-03-21,16:20:31,Completed,506
852,786,32,Paneer Tikka,2024-07-13,10:24:13,Completed,223
853,672,3,Dal Makhani,2024-08-31,13:25:54,Completed,590
854,818,175,Idli Sambar,2023-12-03,16:20:05,Completed,716
855,591,86,Hakka Noodles,2023-04-07,21:30:22,Completed,340
856,94,83,Chicken Tikka,2023-03-08,09:17:27,Completed,639
857,248,126,Caesar Salad,2025-03-26,22:35:15,Completed,816
858,41,137,Chicken Tikka,2024-03-24,13:45:48,Completed,546
859,697,180,Paneer Tikka,2025-03-03,15:12:37,Pending,737
860,701,183,Margherita Pizza,2024-11-04,22:58:25,Completed,382
861,509,43,Veg Fried Rice,2023-03-24,19:29:59,Completed,434
862,12,114,Paneer Tikka,2024-01-18,12:46:00,Cancelled,777
863,602,160,Paneer Butter Masala,2024-11-12,21:02:30,Completed,879
864,365,103,Chicken Momos,2024-08-15,09:26:40,Cancelled,131
865,30,62,Butter Chicken,2024-09-02,10:10:56,Pending,796
866,777,124,Farmhouse Pizza,2025-06-03,19:13:41,Completed,837
867,546,172,Burger,2024-08-18,19:59:50,Completed,894
868,628,117,Chicken Tikka,2023-09-04,12:27:17,Completed,671
869,266,93,Fish Curry,2025-05-14,10:24:51,Completed,387
870,666,127,Chole Bhature,2024-03-21,10:58:09,Completed,793
871,60,87,Chicken Tikka,2023-10-28,22:18:36,Completed,333
872,200,120,Chole Bhature,2024-02-07,13:44:14,Completed,585
873,602,11,Veg Biryani,2024-01-26,17:07:02,Completed,887
874,762,64,Paneer Butter Masala,2023-08-11,20:44:00,Cancelled,488
875,353,127,Masala Dosa,2024-02-07,13:42:42,Completed,687
876,997,139,Hakka Noodles,2023-10-24,21:58:16,Completed,855
877,495,192,Chicken Momos,2024-07-13,18:58:30,Completed,856
878,626,90,Veg Biryani,2023-11-14,19:35:38,Completed,521
879,735,178,Masala Dosa,2023-10-07,10:59:40,Completed,204
880,896,175,Chicken Tikka,2023-06-05,14:54:37,Completed,875
881,997,136,Butter Chicken,2024-11-08,16:06:37,Completed,351
882,590,26,Caesar Salad,2025-01-06,19:41:18,Completed,675
883,390,51,Farmhouse Pizza,2023-06-18,13:26:59,Completed,586
884,508,108,Veg Fried Rice,2023-05-04,19:25:18,Completed,310
885,777,141,Chicken Tikka,2023-06-02,14:02:48,Completed,395
886,974,45,Masala Dosa,2024-08-19,18:22:02,Completed,923
887,141,114,Paneer Tikka,2024-01-06,18:50:11,Completed,917
888,248,145,Caesar Salad,2024-05-06,16:42:00,Completed,194
889,37,110,Pav Bhaji,2024-07-05,17:34:18,Completed,301
890,136,46,Veg Momos,2023-06-21,14:33:06,Cancelled,391
891,584,167,Pav Bhaji,2024-06-06,18:20:48,Completed,555
892,781,162,Fish Curry,2025-01-24,12:05:12,Cancelled,502
893,663,129,Caesar Salad,2023-08-09,21:44:45,Completed,263
894,710,155,Veg Biryani,2024-02-24,10:04:58,Completed,871
895,317,184,Fish Curry,2024-10-20,17:11:13,Completed,444
896,798,35,Butter Chicken,2024-12-06,20:37:34,Pending,746
897,430,192,Caesar Salad,2024-12-04,20:28:51,Completed,931
898,811,31,Hakka Noodles,2023-07-12,12:01:30,Completed,492
899,61,140,Chicken Tikka,2024-10-17,14:21:51,Completed,472
900,279,115,Veg Fried Rice,2024-09-16,10:55:16,Completed,432
901,596,142,Masala Dosa,2023-05-28,14:03:51,Completed,132
902,152,148,Burger,2023-01-23,17:53:51,Completed,431
903,312,149,Pav Bhaji,2024-07-14,12:33:35,Completed,469
904,261,152,Chicken Biryani,2024-02-24,16:06:17,Cancelled,528
905,785,25,Dal Makhani,2023-10-29,22:10:11,Completed,913
906,830,82,Chole Bhature,2023-04-23,22:57:05,Completed,439
907,106,28,Pav Bhaji,2023-01-18,17:12:08,Completed,413
908,176,73,Farmhouse Pizza,2024-08-31,19:37:39,Completed,872
909,347,193,Butter Chicken,2024-04-17,18:24:23,Completed,660
910,880,48,Veg Biryani,2023-10-10,13:40:05,Completed,786
911,572,8,Masala Dosa,2025-01-06,10:49:55,Completed,925
912,618,96,Veg Momos,2023-03-31,09:44:01,Completed,404
913,924,90,Idli Sambar,2023-03-26,12:46:19,Completed,175
914,735,19,Paneer Tikka,2024-11-16,18:18:23,Cancelled,878
915,896,60,Fish Curry,2024-08-23,12:01:26,Completed,232
916,885,84,Veg Momos,2024-06-11,19:44:08,Completed,740
917,360,68,Veg Fried Rice,2023-12-23,17:37:10,Completed,581
918,195,17,Burger,2024-01-08,11:43:17,Completed,182
919,297,80,Chicken Tikka,2024-06-02,09:21:42,Completed,322
920,645,181,Chole Bhature,2024-05-28,13:51:11,Completed,474
921,858,125,Hakka Noodles,2023-12-24,09:14:55,Completed,121
922,542,32,Chicken Biryani,2025-04-22,16:35:36,Completed,644
923,479,11,Hakka Noodles,2025-04-07,15:17:54,Completed,344
924,381,161,Farmhouse Pizza,2023-03-30,13:59:34,Completed,618
925,60,170,Pav Bhaji,2024-07-14,09:35:49,Completed,949
926,26,199,Pav Bhaji,2025-06-28,15:44:46,Completed,778
927,750,63,Masala Dosa,2023-07-20,12:54:29,Completed,785
928,402,19,Chicken Tikka,2023-12-08,13:40:36,Completed,487
929,33,199,Chicken Biryani,2023-01-25,19:15:50,Completed,160
930,514,37,Idli Sambar,2024-12-23,21:25:13,Completed,316
931,831,179,Chole Bhature,2023-04-18,09:09:16,Completed,524
932,678,18,Masala Dosa,2023-08-12,21:05:23,Cancelled,127
933,983,191,Paneer Butter Masala,2024-12-14,20:46:10,Completed,151
934,224,125,Fish Curry,2024-01-31,14:12:52,Completed,610
935,273,86,Chicken Tikka,2024-07-15,15:38:14,Completed,325
936,956,146,Paneer Butter Masala,2025-04-30,20:31:37,Completed,681
937,115,112,Chicken Tikka,2025-04-22,21:36:35,Completed,858
938,472,160,Margherita Pizza,2024-03-23,17:39:07,Pending,788
939,879,105,Paneer Butter Masala,2024-02-01,15:06:46,Completed,201
940,557,185,Butter Chicken,2024-01-07,20:40:01,Completed,637
941,906,65,Caesar Salad,2023-01-13,19:44:32,Completed,311
942,586,115,Hakka Noodles,2024-07-03,20:32:07,Completed,719
943,73,112,Veg Biryani,2024-07-03,18:14:28,Completed,470
944,891,119,Dal Makhani,2025-06-12,10:13:01,Completed,575
945,179,105,Dal Makhani,2024-07-12,21:53:15,Cancelled,532
946,342,169,Veg Momos,2024-06-01,20:20:24,Completed,664
947,919,164,Veg Fried Rice,2025-01-16,19:37:49,Completed,876
948,452,115,Veg Momos,2025-02-05,14:05:10,Completed,648
949,403,156,Chicken Tikka,2024-11-10,16:17:01,Completed,711
950,487,187,Chicken Tikka,2023-05-24,20:05:57,Completed,499
951,873,82,Veg Momos,2024-02-29,11:04:34,Cancelled,721
952,882,169,Veg Momos,2024-05-26,16:11:46,Pending,826
953,139,195,Masala Dosa,2024-08-13,20:44:09,Completed,791
954,704,165,Caesar Salad,2024-06-14,13:02:29,Completed,526
955,675,63,Burger,2025-01-02,09:11:37,Completed,418
956,442,65,Hakka Noodles,2023-06-25,15:42:57,Completed,162
957,509,177,Idli Sambar,2023-05-26,19:17:00,Cancelled,381
958,515,130,Caesar Salad,2024-01-31,15:31:58,Completed,276
959,484,86,Butter Chicken,2024-02-12,14:47:46,Completed,843
960,911,123,Paneer Butter Masala,2023-06-07,16:02:05,Completed,132
961,776,188,Chole Bhature,2023-02-06,13:32:59,Completed,569
962,841,136,Veg Biryani,2024-01-22,14:02:14,Completed,491
963,210,25,Butter Chicken,2024-04-14,13:27:02,Completed,869
964,639,64,Pav Bhaji,2024-01-26,10:37:52,Completed,899
965,446,123,Chole Bhature,2024-04-24,16:46:38,Completed,881
966,416,191,Farmhouse Pizza,2024-12-11,12:46:21,Completed,339
967,1000,85,Chicken Momos,2025-02-12,10:54:42,Completed,609
968,253,73,Farmhouse Pizza,2023-01-04,17:25:52,Completed,304
969,698,145,Paneer Tikka,2024-05-24,19:00:32,Completed,862
970,17,197,Pav Bhaji,2023-01-05,18:46:19,Completed,725
971,878,83,Dal Makhani,2023-05-26,12:25:09,Completed,142
972,139,190,Farmhouse Pizza,2023-10-26,22:00:36,Cancelled,860
973,52,86,Chicken Tikka,2024-07-01,13:30:02,Completed,316
974,664,25,Caesar Salad,2024-08-03,10:27:51,Completed,801
975,657,143,Paneer Butter Masala,2023-10-30,14:39:22,Completed,536
976,546,184,Chicken Momos,2023-06-12,18:11:32,Completed,305
977,791,162,Fish Curry,2023-11-28,09:22:09,Cancelled,563
978,633,115,Masala Dosa,2025-06-24,09:19:41,Completed,394
979,504,9,Farmhouse Pizza,2023-08-14,21:52:43,Completed,592
980,308,166,Dal Makhani,2023-04-14,15:42:10,Completed,623
981,530,104,Veg Biryani,2024-04-13,09:09:20,Completed,159
982,144,143,Pav Bhaji,2023-05-15,16:47:24,Completed,408
983,228,75,Idli Sambar,2025-03-07,16:15:41,Completed,947
984,991,48,Fish Curry,2023-02-23,21:20:57,Completed,664
985,961,103,Idli Sambar,2023-01-21,16:36:12,Completed,365
986,629,45,Burger,2024-10-30,21:21:02,Pending,427
987,846,1,Dal Makhani,2024-05-02,20:33:19,Pending,242
988,459,119,Butter Chicken,2024-09-09,13:02:10,Completed,881
989,91,107,Veg Fried Rice,2023-02-21,19:29:36,Completed,343
990,601,123,Idli Sambar,2024-01-02,17:32:49,Completed,447
991,627,62,Chole Bhature,2025-06-02,12:43:54,Completed,465
992,134,135,Chole Bhature,2023-05-06,19:07:46,Completed,939
993,770,4,Veg Fried Rice,2023-12-12,22:27:54,Completed,139
994,317,198,Paneer Tikka,2025-01-24,16:24:13,Completed,709
995,478,69,Veg Momos,2024-03-01,15:56:37,Completed,803
996,949,22,Paneer Tikka,2024-02-26,19:20:34,Completed,803
997,808,69,Chicken Momos,2024-03-26,18:37:56,Completed,541
998,849,41,Paneer Tikka,2023-07-03,18:10:21,Completed,854
999,874,110,Chicken Momos,2023-10-02,11:54:34,Completed,457
1000,372,86,Pav Bhaji,2025-05-24,14:41:01,Completed,775
1001,21,3,Veg Fried Rice,2023-08-08,16:59:31,Completed,493
1002,631,170,Idli Sambar,2024-07-10,13:55:26,Completed,328
1003,695,64,Pav Bhaji,2023-06-22,22:30:40,Completed,450
1004,835,60,Masala Dosa,2023-10-21,22:37:06,Completed,148
1005,598,11,Farmhouse Pizza,2023-05-15,14:52:48,Completed,422
1006,888,155,Hakka Noodles,2025-01-13,15:37:28,Completed,568
1007,405,124,Butter Chicken,2023-10-05,10:01:44,Completed,608
1008,440,185,Veg Fried Rice,2025-03-10,19:56:18,Completed,942
1009,313,32,Margherita Pizza,2024-09-06,17:44:21,Completed,742
1010,899,132,Chicken Tikka,2023-06-28,21:35:32,Pending,188
1011,262,76,Dal Makhani,2024-03-09,17:20:37,Completed,414
1012,472,144,Veg Biryani,2023-01-12,10:41:28,Cancelled,329
1013,469,132,Veg Momos,2025-05-04,22:42:37,Completed,175
1014,526,179,Masala Dosa,2025-05-09,16:08:54,Completed,898
1015,989,170,Farmhouse Pizza,2025-06-26,22:22:07,Pending,713
1016,418,11,Masala Dosa,2025-04-14,14:28:59,Completed,274
1017,409,50,Paneer Tikka,2023-02-28,12:01:38,Completed,647
1018,733,40,Idli Sambar,2025-05-25,18:28:36,Pending,287
1019,73,63,Paneer Tikka,2023-07-12,11:39:23,Completed,436
1020,721,10,Veg Fried Rice,2023-04-04,19:00:22,Completed,204
1021,366,105,Paneer Butter Masala,2023-06-19,21:38:05,Pending,944
1022,801,164,Pav Bhaji,2024-08-07,10:35:11,Completed,662
1023,754,163,Hakka Noodles,2023-04-14,15:07:31,Cancelled,876
1024,920,168,Paneer Butter Masala,2025-02-26,12:40:13,Completed,364
1025,597,119,Hakka Noodles,2025-05-10,18:24:00,Completed,943
1026,70,141,Butter Chicken,2023-02-15,10:59:16,Completed,454
1027,66,111,Fish Curry,2024-06-25,15:56:08,Completed,882
1028,247,6,Paneer Butter Masala,2024-07-25,16:55:54,Completed,697
1029,862,100,Chicken Biryani,2023-08-30,15:13:42,Completed,414
1030,355,20,Paneer Tikka,2024-06-30,12:12:14,Completed,716
1031,40,126,Farmhouse Pizza,2023-05-25,11:10:45,Completed,203
1032,898,22,Idli Sambar,2024-10-25,19:08:39,Completed,591
1033,780,94,Paneer Tikka,2023-04-12,11:37:29,Completed,899
1034,931,65,Chicken Momos,2024-11-27,14:40:41,Completed,647
1035,168,42,Veg Biryani,2023-10-25,09:45:25,Completed,706
1036,426,52,Pav Bhaji,2024-08-01,14:44:03,Cancelled,567
1037,594,28,Chicken Biryani,2023-04-21,22:56:32,Completed,736
1038,948,181,Chole Bhature,2024-01-10,21:37:23,Completed,624
1039,125,71,Chicken Biryani,2025-02-24,09:08:04,Pending,757
1040,649,163,Farmhouse Pizza,2024-05-09,15:02:09,Completed,814
1041,311,133,Paneer Butter Masala,2024-05-10,15:52:29,Pending,915
1042,587,2,Fish Curry,2024-02-20,10:32:21,Cancelled,945
1043,423,79,Hakka Noodles,2024-01-07,17:14:00,Completed,125
1044,886,49,Veg Fried Rice,2024-02-04,11:08:24,Completed,514
1045,30,191,Fish Curry,2024-02-11,15:33:44,Completed,328
1046,821,87,Chicken Tikka,2024-08-23,14:02:41,Completed,856
1047,135,73,Paneer Tikka,2023-01-19,19:20:51,Completed,949
1048,635,109,Chicken Tikka,2024-03-15,19:53:55,Completed,126
1049,323,135,Pav Bhaji,2023-10-13,20:50:52,Completed,371
1050,204,12,Veg Fried Rice,2024-10-19,16:13:41,Completed,700
1051,524,133,Fish Curry,2025-01-07,13:46:22,Cancelled,293
1052,861,182,Butter Chicken,2025-04-28,13:05:51,Completed,773
1053,367,66,Dal Makhani,2023-03-31,10:34:45,Pending,486
1054,515,177,Hakka Noodles,2023-06-16,09:40:02,Completed,763
1055,417,88,Butter Chicken,2025-03-06,11:28:04,Completed,587
1056,658,134,Chole Bhature,2023-04-05,12:12:57,Cancelled,910
1057,372,151,Masala Dosa,2025-01-27,18:45:25,Completed,705
1058,71,159,Pav Bhaji,2023-02-02,10:10:32,Completed,348
1059,567,51,Butter Chicken,2025-06-19,13:38:11,Completed,185
1060,897,112,Hakka Noodles,2025-05-04,14:01:15,Completed,269
1061,526,175,Chicken Momos,2024-01-28,18:22:09,Completed,139
1062,65,176,Margherita Pizza,2023-01-15,19:09:08,Completed,686
1063,352,79,Butter Chicken,2024-11-26,09:36:34,Completed,837
1064,963,91,Fish Curry,2023-01-24,20:24:40,Completed,782
1065,237,145,Veg Momos,2023-05-23,20:07:09,Completed,814
1066,175,167,Dal Makhani,2024-03-30,19:07:46,Completed,739
1067,983,9,Chicken Biryani,2025-03-12,14:23:07,Completed,587
1068,29,40,Idli Sambar,2025-01-12,12:54:50,Completed,682
1069,242,104,Pav Bhaji,2023-08-22,22:21:01,Completed,659
1070,399,3,Masala Dosa,2024-07-04,14:13:03,Completed,763
1071,131,2,Butter Chicken,2023-05-28,22:28:59,Completed,870
1072,273,119,Masala Dosa,2023-10-01,13:26:57,Completed,685
1073,386,97,Caesar Salad,2025-05-03,22:32:25,Completed,899
1074,876,186,Chicken Biryani,2023-06-19,13:31:44,Completed,567
1075,443,31,Hakka Noodles,2023-12-27,12:46:59,Completed,712
1076,718,193,Masala Dosa,2024-12-22,12:10:02,Pending,543
1077,99,71,Paneer Tikka,2023-07-27,11:25:15,Completed,363
1078,540,10,Chicken Tikka,2025-06-30,19:42:25,Completed,741
1079,935,96,Pav Bhaji,2023-01-13,13:17:37,Completed,364
1080,989,196,Pav Bhaji,2024-10-11,15:08:20,Completed,688
1081,510,171,Paneer Butter Masala,2024-01-05,21:51:52,Completed,365
1082,158,26,Paneer Butter Masala,2024-06-16,15:19:53,Completed,587
1083,376,77,Butter Chicken,2023-08-17,11:05:15,Completed,142
1084,171,20,Veg Biryani,2023-02-07,20:09:14,Completed,586
1085,183,75,Pav Bhaji,2024-01-03,14:43:43,Completed,324
1086,182,189,Dal Makhani,2023-11-26,12:20:45,Completed,145
1087,481,69,Veg Fried Rice,2024-08-20,16:49:05,Completed,228
1088,256,144,Paneer Butter Masala,2023-11-03,20:10:19,Completed,363
1089,589,3,Paneer Butter Masala,2024-03-16,10:48:53,Completed,745
1090,561,89,Butter Chicken,2024-07-11,22:07:07,Completed,832
1091,829,44,Burger,2024-07-03,22:20:15,Completed,642
1092,570,102,Paneer Tikka,2023-05-29,15:26:52,Completed,894
1093,661,123,Fish Curry,2024-06-30,09:30:55,Completed,792
1094,636,50,Veg Momos,2023-06-12,17:13:20,Completed,266
1095,997,76,Veg Momos,2024-04-09,18:00:41,Completed,882
1096,403,179,Chicken Momos,2025-05-16,17:23:24,Completed,947
1097,988,45,Farmhouse Pizza,2024-06-29,11:29:55,Completed,895
1098,114,33,Masala Dosa,2024-11-29,19:38:34,Completed,419
1099,761,130,Veg Momos,2025-06-03,16:05:53,Completed,707
1100,54,132,Burger,2023-06-15,09:51:52,Completed,384
1101,89,64,Dal Makhani,2024-11-15,20:21:27,Completed,582
1102,340,146,Dal Makhani,2024-10-02,21:39:00,Completed,197
1103,950,119,Paneer Tikka,2023-04-15,18:40:04,Completed,370
1104,531,29,Veg Fried Rice,2024-08-28,16:22:26,Completed,267
1105,734,136,Chole Bhature,2023-05-07,19:38:53,Pending,201
1106,538,149,Butter Chicken,2023-01-30,12:21:42,Completed,825
1107,151,176,Hakka Noodles,2023-06-26,15:39:42,Completed,760
1108,252,167,Veg Fried Rice,2023-06-11,15:02:54,Completed,123
1109,529,70,Veg Biryani,2023-04-30,14:31:07,Completed,915
1110,899,155,Fish Curry,2024-07-31,15:48:16,Completed,917
1111,781,131,Fish Curry,2023-09-19,20:16:02,Completed,717
1112,95,22,Idli Sambar,2024-12-05,21:06:06,Completed,408
1113,132,98,Chicken Momos,2023-03-11,11:56:12,Completed,787
1114,236,80,Margherita Pizza,2025-05-23,19:06:51,Completed,519
1115,162,101,Fish Curry,2025-02-08,11:22:05,Completed,821
1116,605,169,Fish Curry,2023-02-23,10:13:10,Completed,830
1117,296,115,Pav Bhaji,2024-04-11,22:10:37,Completed,414
1118,818,108,Pav Bhaji,2023-11-12,19:43:26,Completed,508
1119,939,197,Farmhouse Pizza,2024-10-21,18:20:11,Cancelled,131
1120,704,185,Butter Chicken,2025-05-20,09:21:16,Completed,866
1121,671,41,Margherita Pizza,2024-01-27,14:29:09,Completed,768
1122,894,31,Paneer Tikka,2025-03-30,09:49:20,Completed,195
1123,385,129,Idli Sambar,2024-04-06,12:08:03,Completed,377
1124,720,162,Chicken Momos,2024-06-26,09:39:19,Completed,543
1125,319,80,Burger,2024-01-18,13:33:20,Completed,330
1126,411,83,Chicken Tikka,2024-12-06,12:50:30,Completed,626
1127,647,110,Hakka Noodles,2023-10-23,09:08:33,Completed,434
1128,870,179,Veg Fried Rice,2023-01-23,11:59:45,Completed,710
1129,934,173,Idli Sambar,2023-08-29,13:27:51,Completed,309
1130,74,160,Fish Curry,2025-02-02,22:51:14,Cancelled,491
1131,931,63,Margherita Pizza,2024-04-03,11:34:23,Completed,484
1132,640,105,Burger,2024-07-11,12:57:20,Completed,572
1133,609,199,Paneer Butter Masala,2023-08-26,18:01:29,Completed,474
1134,172,149,Chicken Biryani,2024-12-27,09:57:03,Completed,202
1135,456,44,Chole Bhature,2023-01-25,16:49:22,Completed,686
1136,1000,132,Butter Chicken,2024-02-17,16:46:19,Completed,664
1137,397,68,Masala Dosa,2025-03-26,18:02:46,Completed,947
1138,458,192,Pav Bhaji,2023-08-26,16:30:29,Completed,468
1139,924,158,Veg Biryani,2024-08-23,20:23:53,Completed,941
1140,733,21,Idli Sambar,2024-01-01,15:07:36,Completed,352
1141,813,120,Chole Bhature,2025-04-26,09:36:46,Completed,163
1142,217,164,Hakka Noodles,2024-05-09,13:30:32,Completed,413
1143,613,88,Veg Momos,2023-12-27,22:42:08,Completed,354
1144,941,88,Fish Curry,2024-10-06,10:19:05,Completed,931
1145,945,191,Butter Chicken,2024-03-30,19:45:08,Completed,477
1146,577,129,Chicken Momos,2023-03-08,14:05:26,Completed,768
1147,199,99,Masala Dosa,2024-07-08,17:03:16,Completed,335
1148,993,176,Paneer Butter Masala,2023-05-20,14:30:31,Completed,724
1149,459,45,Butter Chicken,2023-03-02,14:53:36,Pending,822
1150,711,160,Paneer Tikka,2024-11-28,14:49:21,Completed,351
1151,774,61,Burger,2023-07-31,19:35:57,Completed,605
1152,260,196,Caesar Salad,2024-07-15,19:02:37,Completed,557
1153,111,37,Masala Dosa,2023-04-05,09:16:09,Completed,345
1154,882,81,Butter Chicken,2023-07-02,17:28:33,Completed,692
1155,877,196,Dal Makhani,2024-06-16,15:09:23,Completed,315
1156,424,24,Paneer Butter Masala,2024-03-11,11:17:42,Completed,474
1157,447,175,Chicken Momos,2025-05-25,21:47:05,Completed,681
1158,936,123,Veg Fried Rice,2025-06-10,21:43:12,Completed,737
1159,3,52,Hakka Noodles,2024-05-06,22:23:24,Completed,230
1160,2,137,Margherita Pizza,2024-06-21,16:15:37,Completed,741
1161,388,153,Margherita Pizza,2024-03-21,22:29:40,Cancelled,466
1162,135,53,Burger,2025-03-08,10:15:11,Completed,906
1163,312,112,Paneer Tikka,2024-10-31,17:41:17,Completed,929
1164,1,11,Caesar Salad,2024-08-01,22:17:44,Completed,700
1165,492,142,Pav Bhaji,2023-10-19,17:50:49,Completed,508
1166,972,127,Veg Momos,2023-09-03,11:27:10,Completed,618
1167,387,166,Paneer Butter Masala,2023-03-03,21:16:23,Completed,527
1168,863,197,Veg Biryani,2023-04-01,13:03:11,Completed,346
1169,75,161,Dal Makhani,2023-09-17,11:46:56,Cancelled,717
1170,952,122,Masala Dosa,2023-01-15,14:31:24,Completed,773
1171,802,67,Dal Makhani,2023-09-04,16:26:05,Completed,585
1172,290,67,Idli Sambar,2024-06-29,10:04:51,Completed,211
1173,231,98,Chole Bhature,2023-05-09,15:14:04,Completed,385
1174,414,153,Fish Curry,2025-06-04,14:31:23,Completed,475
1175,742,13,Veg Fried Rice,2025-06-15,17:15:29,Pending,543
1176,953,89,Veg Fried Rice,2024-06-20,14:26:34,Completed,471
1177,347,32,Fish Curry,2023-02-20,15:11:03,Cancelled,611
1178,404,50,Masala Dosa,2023-11-30,14:12:59,Completed,619
1179,407,75,Dal Makhani,2025-03-04,17:21:44,Completed,746
1180,669,20,Chole Bhature,2024-04-04,12:41:19,Completed,346
1181,504,98,Fish Curry,2023-01-10,20:29:54,Cancelled,750
1182,165,24,Chicken Tikka,2024-05-11,09:06:05,Completed,183
1183,271,10,Pav Bhaji,2024-02-10,12:29:03,Completed,729
1184,374,104,Veg Momos,2023-01-29,13:51:57,Completed,904
1185,79,34,Chicken Momos,2023-09-21,17:19:43,Pending,698
1186,504,90,Burger,2023-06-15,09:59:58,Completed,367
1187,708,61,Pav Bhaji,2025-02-24,17:06:06,Completed,270
1188,753,115,Paneer Tikka,2025-01-05,11:30:11,Completed,575
1189,88,40,Idli Sambar,2023-04-13,13:56:17,Completed,275
1190,768,108,Paneer Butter Masala,2023-08-01,16:35:16,Completed,902
1191,295,129,Chicken Tikka,2024-01-15,12:42:08,Completed,354
1192,174,149,Chole Bhature,2025-05-08,19:40:36,Completed,839
1193,796,140,Margherita Pizza,2023-04-07,18:01:06,Cancelled,192
1194,244,170,Chicken Tikka,2023-12-31,13:28:18,Completed,680
1195,381,86,Chicken Momos,2024-12-09,11:30:59,Completed,739
1196,476,197,Chicken Tikka,2023-12-07,19:58:45,Completed,620
1197,730,38,Paneer Tikka,2023-09-14,17:42:37,Completed,709
1198,517,80,Farmhouse Pizza,2023-08-01,17:38:19,Completed,146
1199,189,31,Caesar Salad,2024-08-06,20:37:52,Completed,402
1200,581,17,Paneer Tikka,2023-10-17,15:33:28,Completed,802
1201,559,101,Chicken Biryani,2024-02-03,13:24:38,Completed,130
1202,54,173,Hakka Noodles,2023-01-01,16:00:32,Completed,597
1203,186,138,Chole Bhature,2024-09-18,13:14:25,Completed,159
1204,828,37,Paneer Tikka,2025-03-01,11:57:43,Completed,642
1205,628,186,Fish Curry,2023-10-17,10:08:53,Pending,677
1206,772,47,Chole Bhature,2025-03-06,22:12:06,Cancelled,343
1207,77,170,Paneer Butter Masala,2025-06-18,18:24:34,Completed,222
1208,885,64,Veg Fried Rice,2023-07-13,16:02:28,Pending,519
1209,217,121,Paneer Butter Masala,2024-03-10,20:54:15,Pending,139
1210,100,58,Butter Chicken,2025-06-21,12:22:27,Completed,125
1211,549,147,Dal Makhani,2024-05-20,09:07:53,Completed,511
1212,94,140,Fish Curry,2023-06-11,19:30:37,Completed,361
1213,112,83,Chicken Tikka,2023-01-23,14:16:05,Completed,557
1214,466,76,Paneer Butter Masala,2025-01-27,20:12:17,Completed,430
1215,113,12,Chicken Momos,2023-07-27,10:15:03,Completed,539
1216,172,7,Butter Chicken,2024-12-15,20:37:45,Completed,640
1217,599,171,Dal Makhani,2024-01-14,19:46:46,Completed,256
1218,398,111,Chicken Biryani,2023-02-25,21:06:22,Completed,687
1219,330,189,Chicken Biryani,2024-04-14,22:06:05,Completed,831
1220,521,97,Farmhouse Pizza,2023-12-14,10:38:16,Completed,726
1221,217,73,Fish Curry,2024-10-22,12:56:59,Completed,611
1222,139,111,Chicken Biryani,2023-03-05,21:59:45,Completed,760
1223,564,161,Dal Makhani,2024-05-14,12:23:35,Completed,713
1224,810,166,Dal Makhani,2025-02-24,17:53:48,Completed,779
1225,66,28,Butter Chicken,2024-10-20,11:40:28,Completed,199
1226,415,27,Fish Curry,2024-08-12,14:30:19,Completed,879
1227,368,19,Chicken Biryani,2024-03-08,12:11:04,Completed,412
1228,155,194,Paneer Butter Masala,2024-07-02,20:49:22,Completed,182
1229,610,195,Caesar Salad,2025-01-31,15:19:56,Completed,141
1230,301,175,Margherita Pizza,2025-01-04,16:24:39,Completed,741
1231,70,77,Caesar Salad,2025-05-30,13:26:08,Completed,364
1232,569,117,Dal Makhani,2024-11-29,09:09:06,Completed,455
1233,360,39,Masala Dosa,2024-12-29,13:51:24,Completed,456
1234,460,119,Idli Sambar,2024-09-06,15:41:18,Completed,796
1235,455,20,Paneer Tikka,2025-01-01,15:46:08,Completed,435
1236,719,193,Butter Chicken,2023-01-24,19:15:47,Cancelled,200
1237,836,162,Pav Bhaji,2024-05-29,20:41:21,Completed,608
1238,506,58,Chicken Biryani,2024-11-17,10:01:07,Cancelled,599
1239,167,42,Chicken Tikka,2024-08-02,21:31:21,Completed,737
1240,630,65,Burger,2024-03-31,18:44:07,Completed,555
1241,664,188,Masala Dosa,2024-01-31,22:07:03,Pending,619
1242,429,128,Fish Curry,2025-01-01,17:58:41,Completed,172
1243,423,25,Chicken Tikka,2024-03-16,20:39:42,Completed,522
1244,989,149,Paneer Butter Masala,2024-11-16,22:45:03,Completed,159
1245,527,2,Chicken Biryani,2024-03-25,18:56:49,Completed,183
1246,391,188,Farmhouse Pizza,2025-01-01,15:25:59,Completed,251
1247,271,85,Masala Dosa,2024-02-15,14:37:14,Completed,707
1248,367,47,Veg Biryani,2023-07-06,10:51:55,Completed,242
1249,247,134,Veg Momos,2024-07-15,22:01:35,Completed,147
1250,968,177,Caesar Salad,2025-01-13,15:07:18,Completed,663
1251,326,92,Pav Bhaji,2025-02-06,20:16:24,Completed,854
1252,65,73,Chicken Biryani,2024-06-19,16:20:17,Completed,355
1253,153,167,Paneer Butter Masala,2023-06-16,21:09:52,Cancelled,373
1254,982,53,Farmhouse Pizza,2023-09-10,14:52:32,Completed,651
1255,782,39,Fish Curry,2023-02-06,11:07:34,Completed,634
1256,668,40,Masala Dosa,2025-06-28,09:24:09,Completed,174
1257,604,87,Masala Dosa,2023-11-29,13:03:38,Completed,644
1258,983,45,Chicken Biryani,2025-06-28,15:16:43,Completed,245
1259,157,185,Chicken Momos,2025-05-20,14:41:46,Completed,307
1260,629,138,Caesar Salad,2023-02-19,10:21:53,Completed,750
1261,682,23,Hakka Noodles,2025-01-24,19:08:42,Completed,139
1262,834,153,Paneer Butter Masala,2024-10-16,13:39:45,Completed,598
1263,287,64,Farmhouse Pizza,2023-09-29,17:47:14,Completed,788
1264,764,10,Caesar Salad,2024-06-30,16:39:16,Completed,834
1265,723,157,Caesar Salad,2025-06-26,19:10:25,Completed,442
1266,184,184,Caesar Salad,2025-03-07,21:12:43,Cancelled,222
1267,673,47,Veg Fried Rice,2024-06-08,13:22:33,Completed,133
1268,703,120,Veg Fried Rice,2024-04-15,19:51:52,Cancelled,321
1269,509,151,Chicken Tikka,2023-11-10,17:26:50,Cancelled,206
1270,570,163,Chicken Momos,2025-02-27,18:26:38,Completed,138
1271,356,152,Veg Momos,2025-03-10,12:17:39,Completed,578
1272,773,58,Masala Dosa,2024-04-02,11:56:38,Completed,132
1273,690,183,Butter Chicken,2023-09-19,17:02:19,Completed,344
1274,993,85,Chicken Momos,2024-03-20,15:14:16,Completed,697
1275,10,163,Veg Fried Rice,2024-04-18,09:48:00,Completed,247
1276,648,28,Chicken Tikka,2023-11-25,13:01:53,Completed,308
1277,548,49,Veg Fried Rice,2024-07-04,10:05:22,Pending,844
1278,551,136,Hakka Noodles,2024-10-09,19:09:20,Completed,542
1279,140,99,Paneer Butter Masala,2024-09-07,22:45:47,Completed,503
1280,863,70,Paneer Tikka,2024-07-21,11:28:11,Completed,763
1281,665,140,Fish Curry,2023-01-27,14:05:52,Completed,536
1282,606,171,Farmhouse Pizza,2023-10-13,09:29:41,Completed,225
1283,337,46,Veg Biryani,2024-05-21,11:55:14,Cancelled,434
1284,999,24,Chicken Momos,2023-02-12,09:05:00,Completed,352
1285,634,140,Masala Dosa,2025-06-10,18:51:07,Completed,339
1286,936,130,Caesar Salad,2023-12-18,14:33:07,Completed,787
1287,790,57,Caesar Salad,2023-04-15,22:39:09,Completed,779
1288,115,28,Chicken Biryani,2024-07-04,11:56:51,Completed,639
1289,442,170,Veg Fried Rice,2024-06-17,15:46:28,Completed,239
1290,541,180,Chicken Momos,2023-07-08,11:08:46,Completed,944
1291,181,96,Butter Chicken,2024-09-13,17:06:14,Completed,376
1292,144,129,Hakka Noodles,2023-10-06,15:55:19,Completed,274
1293,220,82,Veg Fried Rice,2023-07-30,21:08:20,Pending,572
1294,419,174,Pav Bhaji,2024-07-05,21:32:51,Completed,588
1295,367,182,Masala Dosa,2024-08-30,11:33:48,Completed,681
1296,264,184,Hakka Noodles,2023-10-02,20:48:18,Completed,698
1297,70,43,Chicken Momos,2025-04-26,19:38:37,Completed,863
1298,531,149,Paneer Tikka,2024-11-30,16:22:48,Completed,876
1299,695,79,Burger,2023-12-19,20:01:59,Completed,465
1300,276,117,Chicken Momos,2024-02-04,21:14:40,Completed,655
1301,905,197,Farmhouse Pizza,2024-09-04,16:14:15,Completed,331
1302,87,80,Fish Curry,2023-01-21,20:23:21,Completed,456
1303,705,82,Veg Fried Rice,2025-05-16,17:25:55,Completed,766
1304,688,198,Hakka Noodles,2024-10-15,09:04:03,Pending,165
1305,751,152,Burger,2024-01-28,13:48:27,Completed,571
1306,215,49,Farmhouse Pizza,2025-04-10,09:19:24,Completed,561
1307,513,189,Burger,2025-05-21,15:55:28,Completed,257
1308,674,156,Dal Makhani,2024-10-08,18:43:45,Completed,248
1309,75,119,Margherita Pizza,2025-03-10,21:55:07,Completed,349
1310,948,100,Paneer Butter Masala,2024-05-02,16:54:25,Completed,704
1311,301,71,Chicken Tikka,2024-10-04,21:11:14,Completed,293
1312,283,65,Chicken Momos,2023-09-19,14:43:55,Completed,504
1313,629,177,Dal Makhani,2025-03-03,14:47:27,Completed,202
1314,683,142,Veg Momos,2025-02-16,09:25:57,Completed,655
1315,987,15,Dal Makhani,2023-05-08,13:07:35,Completed,154
1316,954,109,Dal Makhani,2025-05-24,13:16:16,Completed,555
1317,571,74,Idli Sambar,2024-06-26,14:44:20,Completed,517
1318,876,109,Chicken Biryani,2023-09-13,17:36:55,Completed,357
1319,624,28,Idli Sambar,2024-09-23,13:08:53,Completed,386
1320,505,115,Butter Chicken,2024-07-24,22:34:14,Completed,522
1321,411,57,Paneer Tikka,2023-06-01,12:07:08,Completed,785
1322,541,91,Veg Fried Rice,2024-05-20,20:08:22,Completed,493
1323,760,97,Dal Makhani,2023-04-06,11:48:50,Completed,673
1324,212,199,Hakka Noodles,2025-03-12,17:48:27,Completed,678
1325,827,110,Idli Sambar,2023-06-10,22:31:16,Completed,738
1326,194,63,Butter Chicken,2023-06-19,22:12:19,Pending,775
1327,866,30,Veg Fried Rice,2025-01-06,18:55:14,Completed,131
1328,763,136,Idli Sambar,2023-07-14,10:24:35,Cancelled,192
1329,566,52,Dal Makhani,2024-07-24,20:22:49,Completed,355
1330,490,157,Farmhouse Pizza,2024-02-03,20:03:37,Completed,353
1331,113,100,Paneer Tikka,2024-09-02,10:23:18,Completed,769
1332,790,94,Hakka Noodles,2024-09-25,21:53:14,Completed,215
1333,156,32,Caesar Salad,2024-09-16,12:16:58,Completed,809
1334,601,104,Veg Momos,2023-06-17,12:03:42,Completed,901
1335,217,74,Paneer Tikka,2024-07-29,16:50:19,Completed,358
1336,494,56,Burger,2023-03-02,10:12:57,Completed,181
1337,282,99,Veg Biryani,2024-12-19,15:06:12,Completed,721
1338,440,175,Dal Makhani,2025-05-29,15:50:13,Completed,211
1339,980,151,Veg Fried Rice,2024-09-26,18:35:26,Completed,779
1340,69,53,Chicken Momos,2023-02-21,19:13:49,Completed,870
1341,595,179,Veg Momos,2024-09-14,22:31:05,Completed,534
1342,295,47,Caesar Salad,2023-04-22,14:54:51,Completed,595
1343,125,104,Farmhouse Pizza,2025-03-01,20:25:18,Completed,821
1344,940,82,Paneer Tikka,2024-08-03,09:30:46,Completed,514
1345,284,4,Chicken Momos,2024-10-11,18:56:11,Completed,655
1346,130,108,Chicken Tikka,2024-07-02,13:30:17,Cancelled,392
1347,853,106,Hakka Noodles,2025-02-01,14:14:10,Completed,461
1348,379,178,Masala Dosa,2025-06-23,13:35:53,Completed,392
1349,881,32,Farmhouse Pizza,2023-10-19,11:35:11,Completed,334
1350,655,189,Chicken Momos,2024-12-03,16:30:15,Completed,443
1351,33,91,Dal Makhani,2025-01-13,15:56:14,Completed,542
1352,335,199,Veg Fried Rice,2023-08-27,17:20:17,Completed,725
1353,610,53,Dal Makhani,2025-05-23,09:16:13,Pending,544
1354,343,109,Chicken Tikka,2023-08-14,17:28:56,Completed,541
1355,906,134,Farmhouse Pizza,2024-08-11,13:31:34,Completed,550
1356,940,147,Chole Bhature,2023-12-08,18:28:44,Completed,898
1357,71,163,Chicken Momos,2023-03-10,10:48:30,Completed,604
1358,768,142,Chole Bhature,2023-03-18,15:32:12,Completed,396
1359,805,65,Hakka Noodles,2023-05-05,11:13:07,Completed,581
1360,870,32,Paneer Tikka,2023-12-19,13:21:35,Completed,788
1361,275,172,Farmhouse Pizza,2024-01-06,18:52:29,Completed,730
1362,925,47,Chicken Tikka,2023-07-19,22:27:23,Completed,319
1363,117,81,Veg Momos,2023-02-22,20:58:44,Completed,639
1364,138,86,Veg Momos,2024-08-24,19:10:07,Completed,170
1365,83,20,Chicken Tikka,2024-05-28,10:45:02,Completed,771
1366,857,152,Chicken Tikka,2024-06-26,15:30:12,Completed,388
1367,204,14,Margherita Pizza,2023-11-20,19:14:19,Completed,380
1368,765,72,Paneer Tikka,2024-01-10,13:37:08,Completed,253
1369,755,41,Veg Biryani,2024-07-28,22:48:01,Completed,304
1370,111,195,Veg Momos,2023-08-29,19:36:56,Completed,527
1371,732,188,Chicken Biryani,2024-06-14,15:55:59,Completed,766
1372,925,105,Chole Bhature,2023-12-25,22:49:51,Completed,868
1373,467,145,Veg Momos,2024-04-19,21:08:13,Cancelled,219
1374,492,184,Fish Curry,2023-10-20,22:46:57,Completed,256
1375,480,162,Veg Momos,2023-04-30,19:37:14,Completed,441
1376,249,47,Idli Sambar,2025-03-30,19:29:18,Completed,125
1377,497,101,Caesar Salad,2024-10-05,22:04:26,Completed,758
1378,888,74,Idli Sambar,2024-03-17,18:28:28,Completed,883
1379,315,13,Pav Bhaji,2023-04-22,16:08:13,Cancelled,851
1380,473,33,Fish Curry,2024-07-05,16:31:21,Completed,161
1381,692,22,Pav Bhaji,2024-08-21,13:31:09,Completed,945
1382,846,143,Dal Makhani,2023-09-29,16:03:01,Completed,626
1383,326,133,Dal Makhani,2024-10-08,10:54:50,Completed,207
1384,328,98,Margherita Pizza,2025-05-31,14:39:12,Completed,851
1385,462,160,Chole Bhature,2025-06-02,17:44:39,Completed,538
1386,467,116,Chicken Biryani,2023-05-29,13:17:45,Completed,672
1387,564,108,Veg Biryani,2023-10-10,12:55:13,Completed,711
1388,480,199,Butter Chicken,2023-04-04,11:48:42,Completed,939
1389,318,76,Paneer Tikka,2024-02-20,22:19:06,Completed,313
1390,274,67,Veg Momos,2024-02-19,13:32:53,Completed,211
1391,434,90,Chole Bhature,2023-12-24,20:28:41,Completed,385
1392,600,148,Veg Fried Rice,2023-09-04,13:43:30,Completed,900
1393,106,186,Dal Makhani,2024-10-15,12:23:25,Completed,673
1394,445,104,Chole Bhature,2024-04-10,15:12:12,Completed,155
1395,845,73,Fish Curry,2025-03-26,14:31:20,Completed,418
1396,546,23,Idli Sambar,2023-02-12,22:59:30,Completed,702
1397,686,122,Fish Curry,2025-04-06,11:11:58,Completed,404
1398,53,153,Veg Biryani,2023-10-18,10:47:37,Completed,490
1399,310,128,Fish Curry,2024-03-26,15:40:17,Cancelled,904
1400,140,115,Margherita Pizza,2025-02-18,16:02:09,Completed,888
1401,900,198,Butter Chicken,2023-03-04,09:37:41,Pending,187
1402,572,98,Masala Dosa,2024-05-20,09:10:03,Cancelled,123
1403,873,35,Chicken Momos,2024-04-30,19:15:49,Completed,584
1404,363,193,Veg Biryani,2024-10-14,16:40:01,Completed,423
1405,541,1,Chicken Tikka,2023-05-29,20:14:08,Completed,633
1406,817,153,Pav Bhaji,2023-04-05,22:55:09,Completed,202
1407,923,62,Caesar Salad,2024-06-15,15:31:22,Completed,213
1408,77,78,Caesar Salad,2025-05-19,09:24:14,Completed,404
1409,129,179,Chole Bhature,2024-02-09,21:41:21,Pending,478
1410,582,22,Dal Makhani,2023-03-08,18:16:28,Completed,300
1411,690,115,Masala Dosa,2024-11-28,13:24:41,Completed,874
1412,304,93,Dal Makhani,2023-02-23,19:38:23,Completed,761
1413,632,26,Margherita Pizza,2024-05-08,22:21:36,Completed,608
1414,787,22,Veg Fried Rice,2023-12-24,15:34:39,Completed,489
1415,486,5,Veg Fried Rice,2023-06-08,22:04:03,Completed,468
1416,128,10,Chicken Biryani,2024-09-28,14:26:19,Completed,850
1417,809,100,Pav Bhaji,2025-03-22,17:37:33,Completed,576
1418,442,85,Fish Curry,2024-10-01,21:33:46,Completed,467
1419,220,96,Caesar Salad,2025-05-18,14:51:22,Cancelled,924
1420,310,101,Margherita Pizza,2024-12-15,20:41:30,Pending,379
1421,185,183,Farmhouse Pizza,2024-08-08,15:25:08,Completed,867
1422,698,145,Chicken Tikka,2024-09-04,12:53:29,Completed,764
1423,160,172,Chicken Momos,2023-09-03,12:54:58,Completed,120
1424,148,106,Butter Chicken,2025-01-06,18:27:26,Completed,866
1425,740,105,Veg Fried Rice,2023-11-23,15:18:37,Completed,307
1426,531,189,Burger,2025-06-06,13:03:47,Completed,522
1427,457,44,Chole Bhature,2023-03-03,10:33:57,Completed,483
1428,263,172,Margherita Pizza,2023-01-24,22:53:51,Completed,931
1429,762,46,Dal Makhani,2024-10-24,12:59:01,Completed,523
1430,575,31,Caesar Salad,2025-06-12,18:45:16,Completed,724
1431,658,150,Masala Dosa,2023-10-11,09:56:51,Completed,371
1432,217,58,Caesar Salad,2023-08-09,21:21:27,Completed,719
1433,623,55,Dal Makhani,2023-07-26,16:53:27,Completed,149
1434,296,164,Chicken Biryani,2024-12-04,17:28:45,Completed,315
1435,949,2,Masala Dosa,2023-02-02,10:19:54,Completed,902
1436,871,32,Burger,2024-04-19,17:47:21,Completed,834
1437,821,101,Veg Fried Rice,2024-08-25,13:43:05,Cancelled,621
1438,110,180,Dal Makhani,2023-10-15,09:50:32,Cancelled,146
1439,586,48,Hakka Noodles,2024-09-21,15:36:38,Completed,432
1440,685,80,Veg Fried Rice,2024-12-20,09:02:54,Completed,382
1441,865,64,Chicken Momos,2023-05-12,18:57:31,Completed,872
1442,811,58,Chicken Tikka,2023-06-21,12:56:31,Completed,822
1443,969,181,Chicken Momos,2025-06-01,17:04:38,Completed,346
1444,875,56,Dal Makhani,2024-11-03,12:35:21,Completed,260
1445,789,122,Burger,2025-06-08,17:21:42,Completed,430
1446,898,194,Veg Momos,2023-07-30,12:20:59,Completed,222
1447,95,136,Chole Bhature,2023-12-07,10:19:24,Completed,705
1448,655,153,Chicken Tikka,2024-04-07,11:44:57,Completed,398
1449,220,128,Veg Momos,2024-12-23,11:21:02,Completed,145
1450,241,58,Chole Bhature,2025-06-01,13:27:00,Cancelled,926
1451,192,18,Dal Makhani,2024-12-29,14:12:40,Completed,504
1452,772,113,Burger,2023-02-08,15:31:00,Completed,344
1453,206,45,Chicken Momos,2024-08-17,19:28:05,Completed,897
1454,539,135,Fish Curry,2024-05-14,10:57:03,Completed,436
1455,76,138,Chicken Momos,2023-10-28,22:06:23,Completed,850
1456,678,60,Dal Makhani,2023-12-31,09:52:16,Completed,441
1457,483,14,Veg Biryani,2024-08-26,15:42:11,Completed,598
1458,236,58,Farmhouse Pizza,2023-08-15,19:12:20,Cancelled,255
1459,502,142,Masala Dosa,2025-06-08,20:19:15,Completed,359
1460,430,62,Veg Fried Rice,2023-05-31,12:45:02,Completed,412
1461,71,37,Margherita Pizza,2024-11-18,09:16:06,Completed,411
1462,47,173,Butter Chicken,2023-04-19,17:39:19,Completed,464
1463,839,131,Paneer Butter Masala,2025-06-30,10:53:20,Completed,296
1464,292,115,Farmhouse Pizza,2025-06-22,10:07:38,Completed,912
1465,970,167,Burger,2025-06-28,12:55:14,Completed,753
1466,33,60,Paneer Tikka,2025-06-20,17:53:42,Completed,422
1467,293,39,Fish Curry,2023-07-24,10:46:43,Completed,165
1468,370,42,Chicken Tikka,2024-03-06,14:37:20,Completed,593
1469,656,11,Paneer Tikka,2023-04-16,13:08:58,Completed,562
1470,17,9,Burger,2024-02-15,20:33:18,Completed,291
1471,726,96,Farmhouse Pizza,2024-09-07,18:14:06,Completed,778
1472,417,113,Burger,2024-03-11,11:05:39,Completed,950
1473,810,56,Dal Makhani,2025-01-13,16:48:39,Completed,481
1474,989,155,Chicken Tikka,2024-11-29,18:07:54,Cancelled,278
1475,287,105,Paneer Tikka,2023-09-22,17:04:07,Completed,404
1476,176,23,Chicken Biryani,2023-01-05,12:28:05,Cancelled,691
1477,859,71,Paneer Butter Masala,2023-08-21,21:50:54,Cancelled,540
1478,497,111,Veg Biryani,2025-06-14,16:11:43,Completed,849
1479,385,174,Farmhouse Pizza,2023-12-29,17:00:42,Completed,573
1480,144,41,Masala Dosa,2023-06-04,15:31:29,Completed,421
1481,632,137,Pav Bhaji,2024-02-19,21:51:37,Completed,508
1482,365,48,Chicken Biryani,2024-12-30,13:29:06,Completed,527
1483,827,75,Idli Sambar,2024-03-02,13:54:14,Completed,393
1484,102,173,Veg Momos,2023-12-11,15:41:43,Completed,513
1485,268,66,Veg Biryani,2025-06-23,21:02:36,Completed,851
1486,755,64,Margherita Pizza,2024-12-22,16:26:08,Completed,285
1487,847,173,Farmhouse Pizza,2023-01-22,14:46:37,Completed,256
1488,4,79,Burger,2025-01-08,15:51:00,Completed,410
1489,72,191,Hakka Noodles,2025-03-28,22:41:11,Pending,769
1490,474,42,Margherita Pizza,2024-12-19,10:57:46,Completed,693
1491,219,105,Burger,2025-05-01,10:58:11,Completed,120
1492,778,62,Fish Curry,2024-03-07,14:37:51,Completed,897
1493,529,129,Veg Biryani,2025-05-23,11:37:03,Completed,512
1494,95,41,Paneer Butter Masala,2023-02-06,10:46:28,Completed,564
1495,281,68,Hakka Noodles,2024-08-13,11:05:31,Completed,649
1496,609,170,Veg Biryani,2024-08-02,12:59:03,Completed,496
1497,176,44,Chicken Tikka,2023-06-21,14:15:29,Pending,752
1498,173,67,Veg Biryani,2025-06-02,09:52:40,Completed,243
1499,444,151,Veg Fried Rice,2024-11-24,21:57:42,Completed,216
1500,902,95,Fish Curry,2023-08-13,13:56:00,Completed,426
1501,412,142,Chole Bhature,2025-02-05,17:39:32,Completed,321
1502,288,48,Farmhouse Pizza,2023-05-22,09:11:11,Completed,538
1503,35,190,Burger,2025-05-17,18:55:05,Completed,747
1504,121,102,Farmhouse Pizza,2023-04-22,21:33:48,Completed,303
1505,644,93,Veg Biryani,2023-05-15,15:05:27,Completed,357
1506,962,141,Idli Sambar,2023-09-20,11:37:44,Completed,177
1507,163,27,Hakka Noodles,2023-01-20,14:27:05,Completed,482
1508,251,35,Paneer Butter Masala,2023-10-17,14:26:56,Completed,203
1509,366,135,Caesar Salad,2023-12-09,18:44:11,Completed,279
1510,994,19,Caesar Salad,2024-06-09,20:22:20,Completed,909
1511,689,172,Dal Makhani,2023-03-25,18:22:56,Completed,706
1512,996,156,Caesar Salad,2023-12-03,14:36:58,Completed,908
1513,582,134,Veg Fried Rice,2024-07-15,14:17:57,Completed,624
1514,20,65,Chicken Tikka,2023-03-17,22:46:40,Completed,451
1515,274,126,Caesar Salad,2025-02-10,21:00:56,Completed,401
1516,94,155,Veg Momos,2025-03-05,10:48:24,Completed,142
1517,96,175,Hakka Noodles,2025-03-09,11:57:19,Completed,889
1518,868,189,Hakka Noodles,2024-08-24,15:33:43,Completed,618
1519,839,39,Pav Bhaji,2024-10-03,12:11:40,Completed,426
1520,255,101,Veg Biryani,2023-11-15,21:27:55,Completed,242
1521,968,127,Caesar Salad,2023-09-03,19:31:26,Completed,910
1522,685,186,Hakka Noodles,2024-01-28,17:45:14,Completed,199
1523,671,43,Fish Curry,2023-12-06,17:55:23,Completed,929
1524,656,18,Margherita Pizza,2023-03-27,15:36:43,Completed,899
1525,348,114,Caesar Salad,2023-09-09,14:21:51,Completed,769
1526,107,37,Farmhouse Pizza,2025-06-03,16:35:39,Completed,416
1527,385,9,Veg Biryani,2023-02-03,13:28:41,Completed,464
1528,288,182,Chicken Tikka,2023-09-06,22:02:44,Pending,910
1529,86,90,Margherita Pizza,2024-06-29,17:13:12,Completed,647
1530,724,199,Chole Bhature,2025-06-01,19:05:07,Completed,537
1531,364,136,Caesar Salad,2023-11-15,21:35:13,Completed,169
1532,489,20,Chicken Tikka,2025-05-04,14:47:41,Completed,391
1533,658,26,Caesar Salad,2023-05-18,09:11:39,Completed,805
1534,430,102,Margherita Pizza,2023-01-23,18:00:04,Completed,162
1535,2,85,Veg Fried Rice,2024-12-10,11:16:23,Completed,647
1536,817,165,Butter Chicken,2023-08-22,21:38:39,Completed,434
1537,873,9,Caesar Salad,2023-10-26,13:44:48,Completed,407
1538,822,164,Chicken Tikka,2025-06-19,13:19:56,Pending,935
1539,292,151,Chicken Tikka,2023-03-09,11:01:35,Completed,134
1540,539,27,Chole Bhature,2024-12-22,14:01:52,Completed,257
1541,116,12,Chicken Tikka,2024-06-24,17:31:20,Cancelled,745
1542,640,53,Chicken Momos,2023-06-24,16:10:29,Completed,179
1543,817,18,Chicken Biryani,2024-09-21,16:36:41,Completed,553
1544,472,98,Masala Dosa,2023-03-03,20:36:17,Pending,576
1545,296,77,Paneer Butter Masala,2023-10-22,12:55:13,Completed,430
1546,85,67,Veg Fried Rice,2025-03-06,17:10:54,Cancelled,556
1547,927,137,Masala Dosa,2024-04-06,11:10:51,Completed,180
1548,358,106,Veg Momos,2024-01-09,11:19:02,Completed,303
1549,230,163,Burger,2023-06-12,13:32:13,Completed,812
1550,434,90,Chicken Biryani,2023-03-18,09:17:04,Completed,662
1551,97,50,Dal Makhani,2023-05-17,11:38:06,Cancelled,436
1552,119,179,Hakka Noodles,2024-07-14,09:34:13,Completed,212
1553,139,169,Margherita Pizza,2023-01-28,11:36:38,Completed,138
1554,655,147,Chicken Tikka,2023-08-20,20:12:41,Completed,277
1555,947,95,Veg Biryani,2023-04-18,19:52:53,Completed,598
1556,191,128,Dal Makhani,2023-01-14,13:47:34,Completed,879
1557,630,5,Caesar Salad,2023-02-01,19:11:39,Completed,769
1558,853,36,Veg Fried Rice,2023-01-14,15:29:09,Completed,656
1559,329,39,Chicken Biryani,2023-06-08,20:56:39,Completed,521
1560,161,62,Pav Bhaji,2023-04-09,16:19:02,Completed,845
1561,321,132,Chicken Tikka,2024-11-24,15:34:03,Cancelled,422
1562,685,178,Caesar Salad,2024-05-25,17:25:36,Completed,539
1563,590,76,Veg Biryani,2024-05-09,21:53:04,Completed,837
1564,249,154,Chicken Tikka,2023-03-27,22:17:07,Completed,860
1565,14,6,Veg Momos,2023-01-09,20:48:21,Pending,872
1566,519,99,Hakka Noodles,2024-11-14,09:19:47,Cancelled,520
1567,647,16,Paneer Butter Masala,2024-05-14,20:56:45,Completed,148
1568,29,73,Burger,2023-12-03,11:50:04,Pending,693
1569,871,11,Chicken Tikka,2023-07-14,15:42:54,Completed,298
1570,197,45,Burger,2024-10-29,15:19:58,Completed,356
1571,661,108,Paneer Butter Masala,2025-05-30,12:21:30,Completed,705
1572,379,143,Burger,2024-11-22,15:22:36,Completed,736
1573,324,10,Idli Sambar,2023-10-24,21:43:00,Completed,623
1574,57,101,Paneer Tikka,2023-06-21,15:47:55,Completed,370
1575,57,114,Fish Curry,2023-01-11,13:53:58,Completed,169
1576,8,200,Hakka Noodles,2023-05-14,18:34:53,Completed,636
1577,610,37,Idli Sambar,2024-12-31,09:59:00,Completed,529
1578,418,191,Burger,2025-03-18,16:07:08,Completed,549
1579,670,199,Butter Chicken,2023-05-08,22:41:26,Completed,478
1580,303,30,Idli Sambar,2023-09-03,13:37:50,Completed,846
1581,560,138,Idli Sambar,2023-05-07,09:01:57,Completed,189
1582,22,140,Paneer Tikka,2024-07-20,18:49:17,Completed,486
1583,757,28,Idli Sambar,2023-05-25,13:37:28,Completed,763
1584,462,24,Masala Dosa,2025-04-25,16:39:58,Completed,224
1585,580,85,Burger,2025-04-01,18:41:52,Completed,447
1586,857,147,Fish Curry,2024-07-30,21:09:55,Completed,743
1587,667,67,Idli Sambar,2024-02-11,12:36:10,Completed,306
1588,265,77,Masala Dosa,2023-02-21,18:45:07,Completed,742
1589,740,14,Veg Biryani,2024-07-21,10:29:31,Completed,403
1590,978,134,Masala Dosa,2023-07-25,10:24:02,Completed,430
1591,8,90,Veg Biryani,2024-03-12,18:08:29,Completed,185
1592,771,143,Veg Biryani,2023-02-17,22:41:45,Pending,687
1593,174,171,Paneer Tikka,2023-07-02,12:59:31,Completed,764
1594,39,42,Farmhouse Pizza,2025-01-28,16:13:44,Completed,570
1595,990,31,Veg Biryani,2023-10-13,14:24:23,Completed,321
1596,117,126,Paneer Butter Masala,2024-04-16,09:34:35,Completed,408
1597,884,51,Paneer Tikka,2023-04-18,12:53:50,Completed,284
1598,93,32,Caesar Salad,2024-06-17,13:42:23,Cancelled,941
1599,526,110,Burger,2025-01-29,15:15:05,Completed,757
1600,717,159,Idli Sambar,2023-04-02,19:08:38,Completed,275
1601,106,74,Burger,2024-08-14,13:56:10,Completed,791
1602,616,112,Burger,2025-03-28,12:00:48,Completed,844
1603,960,132,Fish Curry,2024-07-24,16:11:52,Completed,758
1604,614,96,Pav Bhaji,2024-05-01,18:46:27,Completed,141
1605,849,64,Chicken Biryani,2023-06-06,10:33:04,Completed,698
1606,87,170,Dal Makhani,2023-08-12,13:40:47,Cancelled,574
1607,41,154,Dal Makhani,2024-11-16,10:54:30,Cancelled,637
1608,111,120,Paneer Butter Masala,2025-02-20,10:40:50,Completed,170
1609,975,133,Dal Makhani,2024-01-24,12:50:48,Completed,663
1610,221,153,Burger,2024-05-09,10:53:24,Completed,688
1611,456,163,Chole Bhature,2023-10-17,19:38:17,Completed,139
1612,553,19,Paneer Tikka,2023-07-30,22:44:16,Pending,486
1613,174,48,Caesar Salad,2023-05-30,21:24:40,Completed,189
1614,129,68,Pav Bhaji,2025-03-03,22:17:27,Cancelled,413
1615,173,41,Chicken Momos,2024-10-28,11:29:02,Completed,715
1616,346,85,Veg Fried Rice,2023-08-24,17:45:47,Completed,148
1617,287,181,Hakka Noodles,2024-08-11,13:49:12,Completed,191
1618,826,63,Veg Momos,2024-12-31,21:37:59,Completed,167
1619,450,55,Fish Curry,2025-02-02,13:32:32,Completed,476
1620,978,66,Pav Bhaji,2025-04-13,18:13:39,Completed,267
1621,305,194,Idli Sambar,2025-03-11,18:56:48,Completed,696
1622,531,131,Butter Chicken,2024-06-02,20:44:22,Cancelled,849
1623,504,147,Veg Momos,2023-01-17,14:23:01,Completed,863
1624,792,161,Farmhouse Pizza,2023-02-08,13:36:09,Completed,401
1625,663,99,Chicken Tikka,2025-06-06,22:15:21,Completed,442
1626,54,200,Idli Sambar,2024-03-27,20:49:47,Completed,657
1627,133,186,Hakka Noodles,2024-09-07,17:57:38,Completed,747
1628,709,119,Idli Sambar,2025-01-08,21:54:06,Completed,795
1629,805,44,Veg Biryani,2024-12-20,15:49:03,Completed,471
1630,630,193,Masala Dosa,2024-06-01,13:06:46,Completed,248
1631,22,14,Veg Momos,2023-03-22,09:38:18,Completed,836
1632,908,18,Idli Sambar,2023-06-02,11:16:56,Completed,519
1633,918,46,Caesar Salad,2023-02-24,17:52:51,Completed,401
1634,338,51,Burger,2023-05-16,17:47:08,Completed,250
1635,100,115,Butter Chicken,2023-09-08,11:17:14,Completed,945
1636,602,146,Paneer Butter Masala,2023-09-15,19:03:38,Completed,353
1637,54,183,Hakka Noodles,2024-07-29,17:49:57,Completed,708
1638,343,103,Masala Dosa,2025-04-13,19:26:54,Completed,149
1639,590,122,Butter Chicken,2025-05-10,09:25:22,Completed,420
1640,694,198,Hakka Noodles,2023-08-31,12:31:54,Completed,610
1641,846,139,Fish Curry,2023-09-26,13:30:05,Completed,362
1642,723,55,Chicken Momos,2023-06-05,13:23:54,Completed,360
1643,714,118,Masala Dosa,2024-04-04,14:23:10,Completed,241
1644,128,109,Dal Makhani,2023-08-29,15:41:21,Completed,548
1645,625,66,Chicken Tikka,2023-11-03,10:24:20,Pending,477
1646,127,63,Veg Momos,2023-11-06,19:19:54,Completed,874
1647,63,17,Fish Curry,2023-09-11,19:20:06,Completed,236
1648,914,30,Chicken Tikka,2023-01-06,14:01:04,Completed,375
1649,459,120,Chole Bhature,2025-06-24,21:14:03,Completed,869
1650,751,78,Dal Makhani,2023-05-26,18:16:34,Completed,373
1651,149,102,Burger,2023-03-25,16:46:33,Completed,265
1652,173,40,Farmhouse Pizza,2024-11-10,14:56:47,Completed,814
1653,352,129,Fish Curry,2024-04-28,17:28:00,Cancelled,448
1654,584,122,Burger,2023-07-28,13:38:46,Completed,538
1655,639,104,Caesar Salad,2024-11-18,22:20:59,Completed,795
1656,743,151,Idli Sambar,2024-12-14,21:49:32,Completed,290
1657,634,92,Farmhouse Pizza,2024-11-20,20:43:19,Completed,709
1658,872,163,Veg Momos,2025-03-08,10:04:32,Completed,659
1659,533,82,Hakka Noodles,2024-07-22,18:03:17,Completed,465
1660,245,114,Dal Makhani,2025-04-07,10:02:21,Completed,122
1661,567,118,Margherita Pizza,2023-09-18,18:13:31,Completed,197
1662,910,38,Margherita Pizza,2024-06-19,22:12:48,Completed,677
1663,640,191,Idli Sambar,2024-06-21,18:31:18,Completed,333
1664,895,1,Margherita Pizza,2023-02-22,16:50:26,Completed,232
1665,239,9,Butter Chicken,2025-02-15,22:56:22,Pending,752
1666,961,94,Paneer Tikka,2024-07-22,18:32:38,Completed,454
1667,530,46,Chicken Tikka,2025-04-19,15:29:57,Cancelled,452
1668,502,128,Fish Curry,2023-09-17,13:59:44,Completed,583
1669,583,148,Veg Fried Rice,2023-02-17,16:28:12,Completed,657
1670,267,190,Veg Fried Rice,2023-11-26,22:07:03,Completed,920
1671,230,81,Farmhouse Pizza,2023-02-06,16:45:43,Completed,410
1672,326,70,Chole Bhature,2024-04-20,09:51:52,Completed,702
1673,584,101,Chicken Tikka,2023-11-26,15:20:32,Cancelled,120
1674,740,20,Veg Fried Rice,2025-01-24,15:39:15,Completed,162
1675,735,113,Burger,2023-04-11,11:09:23,Completed,277
1676,650,14,Veg Momos,2024-07-20,12:20:37,Pending,704
1677,816,192,Chole Bhature,2023-04-15,14:35:41,Completed,868
1678,38,200,Chicken Biryani,2024-12-05,09:17:46,Completed,660
1679,938,172,Butter Chicken,2023-07-30,19:03:33,Cancelled,603
1680,243,158,Chicken Momos,2023-02-10,16:54:17,Completed,255
1681,181,15,Chicken Tikka,2024-11-06,15:55:22,Completed,930
1682,391,186,Dal Makhani,2023-10-30,10:08:19,Completed,131
1683,99,9,Pav Bhaji,2024-06-22,11:48:40,Completed,274
1684,613,110,Burger,2023-01-06,17:38:36,Cancelled,354
1685,877,76,Fish Curry,2025-03-22,14:18:25,Cancelled,193
1686,981,36,Idli Sambar,2023-10-04,14:08:56,Completed,390
1687,663,129,Chole Bhature,2024-05-16,19:08:35,Completed,378
1688,811,132,Paneer Butter Masala,2023-04-18,16:58:29,Completed,470
1689,20,52,Chicken Biryani,2024-01-14,14:06:43,Completed,158
1690,578,13,Chicken Biryani,2025-06-27,20:48:41,Pending,303
1691,873,59,Veg Momos,2024-04-08,10:07:09,Completed,182
1692,294,1,Chicken Biryani,2023-11-26,20:30:34,Completed,810
1693,235,35,Veg Biryani,2023-04-19,18:04:32,Completed,265
1694,645,172,Idli Sambar,2023-10-22,09:22:15,Completed,145
1695,577,36,Veg Fried Rice,2023-11-06,14:43:05,Completed,584
1696,601,67,Burger,2024-03-15,12:55:02,Cancelled,748
1697,301,107,Pav Bhaji,2024-11-25,22:48:29,Completed,367
1698,287,111,Chole Bhature,2024-01-28,21:02:25,Completed,798
1699,124,18,Chole Bhature,2023-04-02,15:34:22,Completed,325
1700,41,155,Dal Makhani,2024-10-02,15:25:01,Completed,758
1701,239,186,Veg Momos,2024-11-24,11:17:52,Completed,256
1702,827,141,Idli Sambar,2024-01-14,16:15:16,Completed,483
1703,270,106,Masala Dosa,2023-04-09,12:32:55,Completed,561
1704,449,131,Caesar Salad,2023-03-10,18:46:25,Completed,824
1705,663,148,Butter Chicken,2025-01-01,15:02:23,Completed,380
1706,644,195,Chole Bhature,2023-11-13,13:48:42,Completed,859
1707,312,89,Margherita Pizza,2024-04-17,21:55:52,Completed,747
1708,91,65,Farmhouse Pizza,2024-10-25,15:58:25,Completed,535
1709,306,79,Veg Biryani,2024-05-31,11:27:15,Completed,149
1710,373,100,Farmhouse Pizza,2024-10-11,21:19:52,Completed,272
1711,900,164,Pav Bhaji,2025-01-08,12:46:51,Pending,553
1712,705,113,Paneer Butter Masala,2023-01-28,18:20:14,Pending,532
1713,1,28,Farmhouse Pizza,2023-01-26,11:52:12,Completed,516
1714,143,16,Fish Curry,2024-06-03,19:12:03,Completed,668
1715,118,166,Masala Dosa,2023-08-26,20:31:30,Completed,909
1716,491,72,Hakka Noodles,2024-07-30,14:05:56,Completed,266
1717,872,26,Burger,2024-02-12,18:14:16,Completed,793
1718,434,14,Butter Chicken,2025-04-04,16:50:52,Completed,515
1719,59,61,Veg Fried Rice,2024-04-21,09:19:56,Completed,866
1720,178,31,Butter Chicken,2025-05-21,11:53:06,Completed,125
1721,51,8,Burger,2024-07-23,20:39:12,Completed,587
1722,184,187,Veg Fried Rice,2025-01-11,17:11:33,Completed,720
1723,112,52,Hakka Noodles,2023-01-08,20:55:36,Completed,131
1724,118,140,Burger,2023-03-03,09:45:29,Completed,786
1725,481,64,Dal Makhani,2023-10-28,14:13:23,Completed,171
1726,147,102,Chole Bhature,2024-08-20,17:05:35,Pending,860
1727,769,115,Chicken Biryani,2024-11-13,16:54:40,Completed,703
1728,156,48,Chole Bhature,2024-09-01,19:55:39,Completed,498
1729,934,35,Farmhouse Pizza,2024-07-01,09:59:50,Completed,907
1730,930,172,Chole Bhature,2023-10-11,14:47:52,Completed,752
1731,221,183,Fish Curry,2025-06-06,19:47:33,Pending,927
1732,873,116,Idli Sambar,2023-10-22,10:20:10,Completed,245
1733,759,47,Veg Biryani,2024-03-24,10:59:58,Completed,308
1734,954,192,Fish Curry,2024-11-13,17:09:57,Completed,754
1735,186,153,Hakka Noodles,2025-05-24,14:54:22,Completed,492
1736,120,165,Veg Momos,2023-08-05,20:46:45,Pending,657
1737,653,39,Burger,2024-02-27,12:19:35,Completed,443
1738,245,18,Pav Bhaji,2023-11-13,12:35:42,Completed,540
1739,549,112,Fish Curry,2024-06-15,11:45:21,Completed,868
1740,321,25,Idli Sambar,2025-03-19,19:01:49,Cancelled,801
1741,762,16,Hakka Noodles,2024-01-20,17:27:12,Pending,565
1742,747,162,Dal Makhani,2024-03-24,12:05:37,Completed,145
1743,311,162,Chicken Tikka,2024-01-14,22:11:16,Completed,651
1744,560,112,Chicken Biryani,2024-08-05,09:34:46,Completed,416
1745,422,187,Idli Sambar,2024-02-07,15:16:52,Completed,542
1746,833,186,Idli Sambar,2023-02-11,22:33:27,Completed,561
1747,522,184,Chicken Momos,2024-12-27,18:30:47,Completed,826
1748,680,38,Hakka Noodles,2023-02-07,12:47:44,Completed,152
1749,318,169,Fish Curry,2024-10-16,19:57:20,Completed,471
1750,585,139,Hakka Noodles,2023-03-02,21:32:06,Completed,644
1751,482,152,Paneer Tikka,2024-04-12,19:52:04,Completed,823
1752,421,140,Paneer Butter Masala,2023-01-01,18:07:55,Completed,905
1753,461,92,Veg Biryani,2024-04-08,10:23:12,Completed,445
1754,966,184,Paneer Butter Masala,2023-01-25,22:45:25,Completed,496
1755,781,192,Chole Bhature,2023-11-28,12:53:29,Completed,354
1756,78,97,Chole Bhature,2024-10-26,20:10:50,Pending,808
1757,723,92,Caesar Salad,2025-04-11,12:41:39,Completed,195
1758,498,190,Margherita Pizza,2024-02-15,12:46:06,Completed,756
1759,325,144,Masala Dosa,2023-08-08,13:13:09,Completed,283
1760,204,1,Veg Fried Rice,2024-05-13,11:57:10,Completed,912
1761,925,182,Masala Dosa,2024-01-23,17:08:50,Completed,736
1762,241,75,Burger,2024-02-15,17:45:21,Completed,289
1763,565,45,Paneer Butter Masala,2023-06-25,17:24:58,Pending,438
1764,250,151,Farmhouse Pizza,2024-07-21,16:07:58,Completed,413
1765,694,163,Chicken Tikka,2024-09-23,19:50:55,Completed,805
1766,409,102,Veg Biryani,2024-07-04,14:36:45,Completed,427
1767,754,192,Masala Dosa,2024-01-15,21:51:51,Completed,471
1768,500,134,Chicken Biryani,2023-12-28,20:14:53,Completed,553
1769,326,90,Farmhouse Pizza,2023-03-27,19:12:21,Completed,679
1770,851,15,Fish Curry,2025-01-09,18:01:45,Completed,533
1771,648,163,Caesar Salad,2023-07-28,16:28:10,Completed,435
1772,584,153,Masala Dosa,2024-02-01,13:14:32,Completed,462
1773,361,7,Caesar Salad,2024-06-18,18:30:30,Completed,335
1774,42,125,Chole Bhature,2024-09-24,09:29:36,Completed,949
1775,136,192,Caesar Salad,2025-05-04,15:40:46,Completed,754
1776,803,131,Paneer Butter Masala,2023-11-10,14:30:53,Cancelled,686
1777,241,40,Hakka Noodles,2025-02-16,18:28:11,Completed,681
1778,321,140,Chicken Momos,2023-06-27,12:16:46,Completed,688
1779,65,53,Paneer Tikka,2025-06-30,21:59:01,Completed,864
1780,60,7,Veg Momos,2024-04-27,14:53:52,Completed,880
1781,268,44,Chicken Biryani,2023-08-10,22:50:45,Completed,290
1782,271,104,Veg Biryani,2023-09-01,12:31:18,Completed,772
1783,121,183,Veg Biryani,2023-06-25,20:44:11,Completed,742
1784,887,127,Pav Bhaji,2023-01-07,17:43:27,Completed,172
1785,752,65,Paneer Butter Masala,2024-04-23,09:53:29,Completed,130
1786,294,40,Butter Chicken,2024-12-30,20:16:38,Completed,382
1787,97,56,Veg Biryani,2025-05-21,11:55:22,Completed,576
1788,658,55,Chicken Momos,2023-07-11,21:12:33,Cancelled,689
1789,201,178,Fish Curry,2023-02-26,11:37:03,Completed,759
1790,751,139,Paneer Tikka,2024-06-21,22:50:27,Completed,814
1791,74,144,Veg Fried Rice,2024-11-24,16:48:45,Completed,282
1792,246,43,Farmhouse Pizza,2025-01-22,13:17:50,Completed,635
1793,463,23,Burger,2024-05-01,09:48:29,Completed,586
1794,158,187,Burger,2023-08-28,09:48:58,Completed,168
1795,531,63,Paneer Butter Masala,2025-05-10,16:14:14,Completed,239
1796,29,160,Chicken Momos,2024-01-24,09:28:21,Completed,470
1797,536,25,Hakka Noodles,2025-06-24,09:19:21,Completed,413
1798,25,106,Chole Bhature,2024-09-20,22:26:48,Completed,360
1799,861,59,Hakka Noodles,2024-05-14,19:32:00,Completed,220
1800,448,175,Chicken Tikka,2024-03-14,22:35:22,Completed,789
1801,179,70,Farmhouse Pizza,2025-04-05,16:45:54,Completed,151
1802,906,170,Dal Makhani,2024-06-24,15:02:46,Completed,675
1803,744,49,Chicken Tikka,2025-06-11,09:21:02,Completed,698
1804,430,148,Chicken Biryani,2023-11-28,12:14:25,Completed,688
1805,423,82,Idli Sambar,2025-01-11,16:06:47,Completed,565
1806,73,37,Farmhouse Pizza,2024-09-02,10:35:28,Completed,201
1807,844,31,Caesar Salad,2023-11-17,11:02:42,Completed,358
1808,122,71,Paneer Butter Masala,2025-01-22,21:47:00,Completed,543
1809,762,103,Masala Dosa,2023-12-06,16:00:05,Pending,830
1810,278,30,Margherita Pizza,2023-03-08,21:40:24,Completed,451
1811,870,119,Chole Bhature,2024-12-13,20:34:27,Cancelled,197
1812,294,60,Veg Momos,2023-10-20,20:29:27,Completed,210
1813,992,120,Fish Curry,2024-06-17,17:08:34,Completed,728
1814,585,199,Fish Curry,2023-06-02,18:12:57,Completed,360
1815,878,58,Dal Makhani,2023-03-22,12:29:37,Completed,377
1816,901,8,Margherita Pizza,2024-01-03,22:40:29,Completed,438
1817,697,50,Dal Makhani,2025-02-12,18:39:46,Completed,583
1818,980,68,Hakka Noodles,2024-05-31,16:47:46,Completed,713
1819,207,9,Veg Fried Rice,2024-01-17,20:11:52,Completed,900
1820,819,99,Fish Curry,2024-05-05,13:49:32,Completed,268
1821,57,79,Farmhouse Pizza,2024-11-17,20:49:09,Completed,856
1822,388,13,Veg Momos,2024-09-08,19:37:52,Pending,493
1823,230,117,Caesar Salad,2025-04-19,19:07:36,Completed,302
1824,472,10,Chicken Momos,2024-03-26,20:41:04,Completed,800
1825,237,73,Butter Chicken,2025-01-27,18:30:15,Pending,674
1826,983,145,Idli Sambar,2025-06-21,20:02:34,Completed,533
1827,124,167,Pav Bhaji,2023-11-17,19:56:35,Completed,928
1828,593,187,Farmhouse Pizza,2025-03-24,16:37:13,Pending,736
1829,981,192,Farmhouse Pizza,2023-12-07,15:07:56,Completed,467
1830,822,138,Dal Makhani,2024-10-22,09:47:49,Cancelled,232
1831,73,72,Fish Curry,2024-11-29,16:47:19,Completed,685
1832,169,122,Chicken Momos,2023-08-27,12:36:40,Completed,731
1833,503,177,Margherita Pizza,2025-04-20,14:05:13,Completed,142
1834,448,189,Farmhouse Pizza,2025-06-18,15:39:34,Cancelled,396
1835,148,70,Veg Fried Rice,2024-04-14,14:20:31,Completed,381
1836,979,183,Chicken Momos,2024-06-30,14:26:49,Completed,591
1837,153,86,Masala Dosa,2024-05-04,22:57:23,Cancelled,592
1838,503,20,Paneer Butter Masala,2023-04-18,22:42:55,Completed,644
1839,955,98,Chole Bhature,2023-12-21,11:22:57,Completed,725
1840,46,2,Chicken Biryani,2023-08-05,11:55:36,Completed,395
1841,919,49,Fish Curry,2025-05-17,20:46:09,Completed,896
1842,981,59,Paneer Tikka,2025-01-13,18:23:43,Completed,252
1843,645,14,Butter Chicken,2025-06-09,09:44:32,Completed,950
1844,628,146,Chicken Momos,2025-02-26,12:29:45,Completed,438
1845,789,24,Fish Curry,2023-11-19,15:25:40,Completed,254
1846,252,21,Margherita Pizza,2023-08-17,11:51:22,Completed,603
1847,919,27,Veg Biryani,2025-01-19,18:25:31,Completed,652
1848,663,53,Chicken Biryani,2025-02-05,21:12:21,Completed,916
1849,120,184,Chole Bhature,2024-02-29,17:57:58,Completed,617
1850,261,117,Veg Biryani,2025-05-24,18:59:45,Completed,691
1851,429,131,Margherita Pizza,2025-02-26,17:09:12,Cancelled,355
1852,477,150,Margherita Pizza,2024-10-14,17:18:45,Completed,628
1853,188,179,Hakka Noodles,2023-09-20,19:26:01,Completed,832
1854,98,84,Veg Fried Rice,2023-06-18,18:19:53,Completed,228
1855,564,182,Hakka Noodles,2023-08-03,19:16:48,Completed,916
1856,483,118,Masala Dosa,2023-03-14,18:14:52,Completed,651
1857,632,56,Idli Sambar,2024-01-21,19:51:21,Completed,735
1858,360,20,Caesar Salad,2023-02-25,11:18:10,Completed,137
1859,301,155,Paneer Tikka,2023-06-22,20:39:31,Completed,704
1860,583,171,Dal Makhani,2023-10-07,16:16:43,Completed,788
1861,727,58,Chicken Tikka,2025-03-22,17:18:30,Completed,771
1862,412,45,Fish Curry,2025-02-23,18:09:34,Completed,371
1863,532,178,Butter Chicken,2024-01-25,17:34:37,Completed,523
1864,277,51,Masala Dosa,2023-04-02,16:01:19,Completed,659
1865,806,39,Paneer Butter Masala,2023-11-03,14:53:10,Completed,461
1866,898,178,Hakka Noodles,2024-07-17,13:36:38,Completed,636
1867,834,195,Caesar Salad,2024-10-06,17:57:30,Completed,694
1868,750,70,Farmhouse Pizza,2024-12-31,15:30:31,Completed,361
1869,59,52,Masala Dosa,2023-04-19,22:30:45,Completed,388
1870,645,195,Dal Makhani,2024-05-12,10:01:54,Completed,631
1871,827,120,Idli Sambar,2023-01-13,17:48:15,Completed,159
1872,780,195,Chicken Tikka,2023-06-26,21:18:50,Completed,888
1873,331,5,Chicken Momos,2023-11-04,11:21:37,Completed,381
1874,547,35,Pav Bhaji,2023-04-17,09:59:48,Completed,576
1875,683,58,Chicken Tikka,2023-10-03,15:02:43,Completed,849
1876,987,200,Pav Bhaji,2023-04-20,17:33:57,Completed,845
1877,161,83,Idli Sambar,2023-06-13,16:23:06,Completed,870
1878,370,167,Veg Biryani,2023-12-26,10:46:34,Completed,700
1879,223,162,Paneer Tikka,2023-12-25,17:52:09,Completed,276
1880,398,160,Fish Curry,2023-04-14,18:41:00,Completed,857
1881,380,48,Veg Momos,2023-04-09,16:56:49,Completed,198
1882,698,10,Chicken Tikka,2023-02-07,17:28:55,Pending,712
1883,416,134,Chicken Biryani,2023-08-21,17:32:39,Completed,262
1884,885,107,Masala Dosa,2024-07-26,13:57:13,Completed,559
1885,503,11,Farmhouse Pizza,2025-04-20,16:56:18,Pending,748
1886,789,164,Veg Fried Rice,2023-05-19,12:28:28,Completed,787
1887,549,123,Chicken Biryani,2024-02-10,17:40:40,Completed,621
1888,972,74,Chicken Momos,2023-03-20,10:23:18,Completed,321
1889,798,14,Fish Curry,2023-01-04,14:18:05,Completed,214
1890,704,156,Margherita Pizza,2023-07-21,14:31:23,Cancelled,609
1891,934,140,Paneer Tikka,2023-10-19,13:25:59,Completed,813
1892,542,69,Farmhouse Pizza,2023-05-01,18:18:57,Completed,917
1893,892,60,Chicken Momos,2023-06-14,10:28:54,Completed,482
1894,688,92,Masala Dosa,2024-05-24,14:36:08,Completed,787
1895,988,123,Veg Momos,2023-07-05,11:02:05,Completed,747
1896,7,95,Farmhouse Pizza,2025-06-21,20:56:53,Cancelled,892
1897,502,41,Chole Bhature,2023-10-24,21:04:55,Completed,828
1898,408,115,Paneer Tikka,2025-04-07,14:50:28,Completed,639
1899,823,174,Pav Bhaji,2023-01-07,19:52:03,Completed,773
1900,593,14,Veg Momos,2024-08-31,09:52:42,Completed,362
1901,190,172,Veg Biryani,2023-12-08,12:32:29,Cancelled,331
1902,846,109,Paneer Butter Masala,2024-02-28,20:02:56,Completed,171
1903,699,113,Paneer Tikka,2023-11-02,17:20:36,Completed,373
1904,667,144,Farmhouse Pizza,2023-05-10,10:07:39,Completed,407
1905,605,10,Veg Biryani,2025-03-15,22:12:53,Completed,517
1906,742,117,Veg Fried Rice,2023-09-08,10:16:04,Completed,737
1907,76,194,Chicken Tikka,2024-10-04,22:49:54,Completed,433
1908,803,29,Paneer Butter Masala,2024-08-12,13:50:36,Completed,398
1909,46,76,Chicken Biryani,2025-01-31,09:00:42,Completed,804
1910,431,19,Veg Momos,2025-03-27,11:52:38,Pending,733
1911,783,26,Farmhouse Pizza,2023-05-11,13:31:23,Completed,545
1912,377,25,Fish Curry,2024-09-17,15:32:13,Completed,123
1913,285,2,Veg Momos,2023-10-15,14:26:12,Completed,763
1914,486,168,Paneer Butter Masala,2024-05-13,14:11:39,Completed,901
1915,500,193,Idli Sambar,2023-03-27,15:38:24,Completed,735
1916,470,114,Masala Dosa,2024-01-18,12:03:23,Completed,187
1917,180,182,Dal Makhani,2024-05-20,21:52:53,Completed,314
1918,445,136,Idli Sambar,2024-05-03,16:31:14,Completed,383
1919,566,12,Chicken Tikka,2023-02-17,09:37:09,Completed,782
1920,737,190,Chicken Momos,2024-08-07,13:53:34,Completed,369
1921,347,107,Idli Sambar,2023-05-18,15:14:28,Completed,661
1922,86,130,Chole Bhature,2025-02-05,19:33:09,Completed,555
1923,430,175,Veg Fried Rice,2023-09-27,17:27:39,Completed,170
1924,860,157,Veg Momos,2025-01-03,10:43:08,Completed,781
1925,871,10,Chicken Momos,2024-07-25,18:19:35,Completed,493
1926,485,8,Masala Dosa,2024-05-22,17:24:43,Completed,255
1927,75,118,Chole Bhature,2023-12-25,11:24:00,Completed,640
1928,328,18,Veg Momos,2023-12-15,16:21:17,Completed,308
1929,411,121,Margherita Pizza,2025-02-27,15:28:18,Completed,753
1930,816,53,Chicken Biryani,2024-06-13,12:45:43,Completed,693
1931,468,139,Farmhouse Pizza,2024-08-30,21:32:06,Pending,658
1932,201,40,Margherita Pizza,2024-08-15,14:45:18,Completed,448
1933,596,162,Idli Sambar,2024-05-13,20:34:24,Completed,900
1934,401,100,Chicken Tikka,2023-10-15,11:52:49,Cancelled,418
1935,289,147,Chicken Momos,2023-09-25,14:43:10,Completed,332
1936,940,184,Masala Dosa,2024-03-27,15:30:46,Cancelled,153
1937,230,174,Butter Chicken,2023-06-15,21:54:03,Cancelled,335
1938,542,23,Pav Bhaji,2023-09-24,12:32:58,Completed,177
1939,961,57,Veg Momos,2025-05-02,19:49:02,Completed,193
1940,627,65,Dal Makhani,2023-08-03,21:19:22,Completed,778
1941,212,99,Butter Chicken,2024-01-01,20:59:06,Completed,934
1942,592,177,Masala Dosa,2023-05-03,19:23:38,Completed,222
1943,278,139,Masala Dosa,2023-09-25,14:31:37,Completed,746
1944,306,140,Chicken Biryani,2024-02-07,17:07:23,Completed,350
1945,446,48,Chicken Momos,2024-10-10,12:59:45,Completed,641
1946,196,94,Pav Bhaji,2024-07-31,17:47:39,Completed,255
1947,421,8,Butter Chicken,2024-03-21,11:56:27,Completed,139
1948,592,5,Masala Dosa,2023-08-23,09:32:50,Completed,235
1949,982,144,Veg Momos,2024-05-16,16:22:36,Completed,124
1950,459,164,Butter Chicken,2024-08-08,14:11:31,Completed,760
1951,706,173,Paneer Tikka,2024-04-28,15:15:15,Completed,739
1952,217,104,Dal Makhani,2024-03-15,19:45:28,Completed,828
1953,906,11,Paneer Tikka,2024-08-06,09:54:06,Completed,250
1954,700,20,Burger,2024-03-12,16:55:04,Completed,708
1955,289,9,Chicken Tikka,2025-05-25,19:17:04,Completed,251
1956,692,110,Chicken Momos,2025-04-28,21:30:51,Completed,616
1957,588,150,Idli Sambar,2023-02-25,18:47:15,Completed,745
1958,227,120,Butter Chicken,2023-09-28,11:09:15,Completed,615
1959,231,99,Veg Biryani,2024-11-03,16:54:36,Completed,253
1960,380,186,Burger,2024-08-22,10:10:18,Cancelled,818
1961,65,33,Veg Biryani,2023-01-22,16:42:05,Completed,252
1962,933,191,Hakka Noodles,2024-12-27,14:15:26,Completed,552
1963,228,133,Paneer Tikka,2023-07-26,10:42:01,Completed,206
1964,740,89,Pav Bhaji,2025-04-08,12:47:22,Completed,562
1965,404,127,Burger,2024-04-27,15:22:47,Completed,210
1966,596,182,Butter Chicken,2023-07-28,10:00:04,Completed,380
1967,980,91,Idli Sambar,2023-11-14,14:17:48,Completed,816
1968,200,87,Margherita Pizza,2024-11-25,09:31:45,Completed,467
1969,163,79,Paneer Tikka,2023-02-14,17:13:07,Completed,456
1970,366,56,Hakka Noodles,2024-02-11,10:01:14,Completed,191
1971,646,130,Veg Biryani,2024-03-18,12:58:27,Completed,838
1972,748,161,Margherita Pizza,2025-03-27,17:32:32,Completed,378
1973,46,26,Caesar Salad,2023-12-01,20:27:24,Completed,256
1974,853,30,Butter Chicken,2024-01-07,20:39:12,Completed,351
1975,494,59,Chicken Tikka,2023-04-19,17:10:25,Cancelled,207
1976,661,14,Chicken Biryani,2024-05-22,22:33:43,Completed,361
1977,638,28,Veg Momos,2024-09-13,17:02:52,Completed,743
1978,796,102,Chole Bhature,2025-01-13,19:20:54,Completed,462
1979,571,108,Veg Momos,2023-07-26,17:09:00,Completed,278
1980,218,195,Fish Curry,2023-06-12,14:40:16,Completed,641
1981,581,128,Masala Dosa,2025-06-04,17:04:54,Completed,147
1982,349,85,Chicken Biryani,2024-03-23,16:31:58,Completed,648
1983,536,79,Chole Bhature,2024-03-21,11:35:49,Completed,692
1984,402,178,Farmhouse Pizza,2023-10-27,17:27:10,Completed,825
1985,781,158,Idli Sambar,2024-05-02,13:32:52,Completed,138
1986,800,141,Chicken Momos,2023-07-05,21:11:41,Completed,283
1987,238,93,Idli Sambar,2024-09-20,12:54:16,Completed,154
1988,74,102,Chicken Biryani,2024-10-18,21:22:37,Completed,325
1989,879,86,Chicken Biryani,2023-07-06,21:32:29,Completed,793
1990,810,107,Veg Fried Rice,2023-06-11,09:58:36,Completed,405
1991,702,78,Chicken Tikka,2024-02-03,16:26:31,Completed,616
1992,885,123,Veg Fried Rice,2023-04-20,17:46:35,Cancelled,612
1993,629,78,Butter Chicken,2025-04-19,16:10:32,Completed,238
1994,526,140,Chole Bhature,2024-04-09,17:04:23,Completed,815
1995,942,112,Chole Bhature,2023-01-04,16:59:12,Completed,311
1996,322,68,Margherita Pizza,2025-06-18,16:18:49,Completed,215
1997,233,195,Veg Fried Rice,2024-03-20,16:54:15,Completed,712
1998,223,74,Veg Biryani,2023-01-03,20:30:32,Completed,351
1999,399,172,Veg Fried Rice,2023-07-21,15:57:58,Completed,185
2000,292,1,Chicken Biryani,2023-08-30,13:03:01,Completed,130
2001,398,46,Chicken Biryani,2024-12-09,21:01:51,Completed,544
2002,25,159,Veg Biryani,2023-03-03,19:21:51,Completed,531
2003,679,51,Burger,2024-07-10,16:55:16,Completed,483
2004,639,157,Masala Dosa,2023-01-02,15:07:29,Completed,877
2005,494,126,Dal Makhani,2023-08-24,16:19:18,Completed,722
2006,591,139,Chicken Tikka,2024-07-19,13:46:03,Pending,780
2007,26,15,Masala Dosa,2023-06-05,09:46:54,Completed,252
2008,411,14,Farmhouse Pizza,2023-06-10,15:09:05,Completed,172
2009,191,176,Farmhouse Pizza,2023-08-10,10:47:04,Completed,563
2010,190,73,Idli Sambar,2025-06-07,17:50:13,Pending,796
2011,834,68,Pav Bhaji,2023-04-13,11:01:24,Completed,717
2012,153,42,Margherita Pizza,2024-05-02,18:51:28,Pending,201
2013,188,18,Veg Momos,2024-10-08,19:53:04,Completed,254
2014,990,183,Hakka Noodles,2023-05-05,11:57:48,Completed,637
2015,312,128,Dal Makhani,2024-11-12,14:47:47,Completed,127
2016,376,96,Chicken Momos,2024-03-13,21:18:54,Completed,301
2017,474,87,Caesar Salad,2023-07-05,19:13:04,Completed,310
2018,434,87,Chicken Tikka,2023-07-05,16:33:31,Completed,731
2019,306,46,Chicken Tikka,2024-05-06,15:21:26,Completed,653
2020,920,190,Chole Bhature,2023-11-22,14:31:14,Cancelled,186
2021,338,19,Chole Bhature,2025-06-11,14:20:59,Cancelled,508
2022,153,145,Burger,2025-02-20,20:36:39,Cancelled,549
2023,932,27,Margherita Pizza,2023-12-16,12:35:33,Completed,537
2024,783,46,Hakka Noodles,2023-06-05,19:05:03,Completed,755
2025,18,43,Caesar Salad,2024-09-28,12:12:03,Completed,695
2026,279,133,Dal Makhani,2023-09-09,21:25:18,Completed,318
2027,842,36,Veg Fried Rice,2023-09-22,17:47:12,Completed,490
2028,954,10,Chicken Biryani,2023-09-16,16:20:46,Completed,688
2029,366,149,Veg Momos,2023-04-09,20:39:59,Completed,135
2030,534,125,Veg Biryani,2024-11-17,11:43:33,Completed,750
2031,48,85,Chole Bhature,2023-03-25,12:26:50,Completed,727
2032,124,164,Dal Makhani,2024-09-27,10:20:07,Completed,237
2033,258,130,Chicken Momos,2024-11-17,20:08:41,Completed,475
2034,264,174,Pav Bhaji,2025-05-18,20:34:44,Completed,175
2035,985,115,Hakka Noodles,2024-04-09,10:43:40,Completed,320
2036,872,49,Chicken Momos,2023-10-22,09:51:38,Completed,936
2037,320,176,Chicken Tikka,2023-04-20,09:50:48,Completed,739
2038,710,181,Hakka Noodles,2025-06-22,13:09:39,Completed,604
2039,948,58,Caesar Salad,2023-04-28,12:59:04,Completed,538
2040,925,140,Masala Dosa,2023-10-13,17:46:06,Completed,261
2041,115,68,Paneer Butter Masala,2025-03-27,11:42:07,Completed,833
2042,2,199,Hakka Noodles,2024-06-15,20:59:36,Completed,832
2043,113,146,Veg Biryani,2024-09-29,14:50:30,Cancelled,823
2044,764,38,Masala Dosa,2024-08-19,19:07:17,Completed,808
2045,962,185,Hakka Noodles,2024-07-24,12:16:56,Completed,730
2046,548,135,Margherita Pizza,2023-03-02,14:26:43,Completed,346
2047,684,166,Veg Biryani,2024-04-12,22:56:01,Completed,548
2048,856,128,Masala Dosa,2024-03-04,14:57:55,Completed,244
2049,383,30,Masala Dosa,2024-06-13,20:11:40,Completed,515
2050,717,23,Burger,2024-07-10,09:55:09,Completed,383
2051,50,152,Dal Makhani,2023-10-03,19:23:27,Cancelled,473
2052,481,57,Margherita Pizza,2025-05-30,09:52:39,Completed,239
2053,212,196,Chicken Tikka,2024-11-02,19:56:46,Completed,942
2054,954,24,Masala Dosa,2023-05-18,10:41:40,Pending,661
2055,765,172,Veg Momos,2024-01-04,18:05:01,Completed,870
2056,653,136,Veg Momos,2023-03-15,13:48:13,Completed,193
2057,187,17,Chole Bhature,2023-02-25,09:47:46,Completed,789
2058,650,167,Veg Fried Rice,2023-02-03,15:03:56,Completed,629
2059,593,140,Veg Momos,2023-04-22,21:41:17,Completed,415
2060,565,66,Fish Curry,2024-12-21,12:25:54,Completed,424
2061,415,173,Farmhouse Pizza,2024-11-06,10:43:01,Completed,663
2062,258,17,Butter Chicken,2024-02-03,19:25:02,Completed,151
2063,690,170,Burger,2024-09-28,09:03:19,Completed,712
2064,294,137,Chicken Tikka,2023-07-16,11:05:36,Completed,746
2065,763,2,Idli Sambar,2024-03-09,11:02:31,Completed,395
2066,870,75,Dal Makhani,2023-11-10,10:11:16,Completed,477
2067,984,188,Farmhouse Pizza,2023-06-14,12:08:34,Completed,751
2068,311,62,Dal Makhani,2025-06-25,19:38:29,Completed,865
2069,160,9,Idli Sambar,2024-01-07,14:08:28,Completed,824
2070,165,30,Chicken Tikka,2024-05-12,22:38:38,Completed,556
2071,537,108,Veg Momos,2023-09-19,10:39:02,Completed,596
2072,301,71,Hakka Noodles,2025-04-30,14:13:52,Completed,302
2073,561,69,Margherita Pizza,2023-05-16,11:35:53,Completed,175
2074,433,81,Margherita Pizza,2024-04-18,19:46:21,Completed,922
2075,363,120,Chole Bhature,2023-06-04,14:48:16,Pending,647
2076,991,55,Idli Sambar,2024-01-05,12:34:42,Completed,843
2077,268,176,Paneer Butter Masala,2024-10-11,20:06:50,Completed,228
2078,914,191,Fish Curry,2024-05-05,21:53:48,Completed,634
2079,669,188,Paneer Tikka,2023-06-15,11:13:17,Completed,887
2080,636,83,Dal Makhani,2023-10-30,20:26:01,Completed,402
2081,279,44,Chicken Momos,2025-03-19,12:34:32,Cancelled,135
2082,802,108,Chicken Biryani,2025-01-05,14:20:37,Completed,662
2083,355,134,Pav Bhaji,2023-10-22,09:44:09,Completed,779
2084,788,105,Dal Makhani,2023-03-23,21:16:15,Completed,846
2085,153,61,Butter Chicken,2024-02-16,14:39:27,Completed,184
2086,887,35,Dal Makhani,2023-05-26,19:55:26,Completed,408
2087,982,9,Paneer Butter Masala,2024-02-18,18:51:29,Completed,747
2088,36,152,Paneer Butter Masala,2025-05-23,10:52:23,Completed,534
2089,585,124,Burger,2024-07-04,14:43:17,Completed,185
2090,290,101,Farmhouse Pizza,2023-12-20,19:20:40,Completed,511
2091,790,97,Veg Fried Rice,2023-12-31,15:39:06,Completed,181
2092,485,114,Masala Dosa,2023-10-07,12:23:15,Completed,665
2093,99,109,Veg Momos,2024-04-13,18:06:03,Completed,357
2094,170,96,Chicken Tikka,2023-07-12,20:44:10,Pending,132
2095,826,51,Dal Makhani,2024-03-23,11:27:57,Completed,547
2096,342,124,Chole Bhature,2024-10-02,11:40:34,Completed,371
2097,329,24,Masala Dosa,2024-04-21,22:49:28,Completed,488
2098,959,71,Caesar Salad,2023-09-28,14:39:56,Cancelled,387
2099,140,142,Butter Chicken,2024-02-16,18:40:00,Completed,371
2100,859,55,Dal Makhani,2025-01-06,18:39:49,Completed,818
2101,325,69,Chole Bhature,2023-09-04,21:06:16,Completed,172
2102,179,152,Pav Bhaji,2023-02-10,12:50:52,Completed,163
2103,401,43,Veg Fried Rice,2024-02-03,10:27:41,Completed,830
2104,394,47,Farmhouse Pizza,2024-11-23,12:38:20,Completed,255
2105,581,78,Fish Curry,2024-01-22,20:52:25,Completed,236
2106,831,196,Veg Biryani,2024-03-20,20:26:46,Completed,774
2107,333,156,Butter Chicken,2024-04-06,09:25:36,Cancelled,202
2108,156,174,Dal Makhani,2024-07-30,12:32:27,Completed,843
2109,701,2,Dal Makhani,2023-08-18,09:21:10,Completed,354
2110,68,130,Margherita Pizza,2025-01-31,17:15:41,Completed,823
2111,218,14,Chole Bhature,2024-10-10,17:13:20,Completed,391
2112,647,195,Pav Bhaji,2024-04-24,11:28:33,Completed,242
2113,979,117,Masala Dosa,2023-10-19,09:11:48,Pending,755
2114,914,47,Farmhouse Pizza,2024-10-28,20:46:10,Cancelled,569
2115,945,152,Chole Bhature,2023-06-07,21:56:48,Completed,258
2116,760,32,Veg Momos,2025-02-07,20:06:50,Completed,135
2117,45,163,Veg Fried Rice,2023-04-26,11:36:27,Completed,195
2118,281,110,Dal Makhani,2023-07-09,09:16:46,Completed,720
2119,434,100,Chicken Momos,2023-12-15,14:28:16,Completed,344
2120,464,3,Chole Bhature,2024-03-23,21:07:17,Completed,877
2121,912,120,Chicken Tikka,2025-02-02,16:18:24,Completed,386
2122,825,180,Veg Fried Rice,2024-11-12,16:00:38,Completed,943
2123,178,52,Paneer Tikka,2025-06-27,18:39:15,Completed,446
2124,643,129,Chicken Tikka,2023-12-21,18:12:27,Completed,395
2125,638,87,Pav Bhaji,2024-05-26,12:23:24,Completed,513
2126,716,177,Farmhouse Pizza,2024-11-12,19:04:59,Completed,788
2127,78,144,Chicken Tikka,2023-02-03,17:05:26,Completed,234
2128,255,40,Masala Dosa,2024-10-31,11:29:47,Completed,331
2129,229,128,Pav Bhaji,2023-08-14,19:44:18,Completed,322
2130,826,173,Veg Fried Rice,2024-07-29,13:18:36,Completed,744
2131,726,86,Chicken Tikka,2024-02-26,18:23:57,Completed,541
2132,790,38,Margherita Pizza,2023-10-02,22:34:01,Completed,556
2133,672,172,Idli Sambar,2024-11-22,15:30:33,Completed,490
2134,635,81,Paneer Butter Masala,2023-06-14,14:11:20,Completed,704
2135,40,27,Pav Bhaji,2025-03-11,14:37:04,Completed,509
2136,946,125,Veg Biryani,2024-02-26,10:25:18,Completed,614
2137,964,105,Butter Chicken,2023-06-04,09:41:32,Completed,905
2138,466,187,Veg Momos,2023-01-22,15:03:07,Completed,206
2139,996,124,Chicken Tikka,2024-02-08,12:57:19,Cancelled,342
2140,313,180,Masala Dosa,2023-10-06,09:28:42,Completed,368
2141,472,134,Dal Makhani,2024-10-14,16:41:32,Completed,252
2142,940,132,Veg Fried Rice,2023-06-15,20:32:06,Completed,809
2143,84,57,Chicken Biryani,2025-02-16,21:14:49,Completed,396
2144,331,3,Burger,2023-10-27,21:18:26,Completed,659
2145,328,20,Caesar Salad,2025-05-16,10:25:02,Completed,371
2146,736,96,Farmhouse Pizza,2024-10-29,19:04:57,Completed,735
2147,949,138,Masala Dosa,2023-07-16,17:50:08,Cancelled,424
2148,340,150,Chicken Tikka,2024-10-16,13:24:01,Completed,415
2149,851,144,Hakka Noodles,2024-01-12,09:57:24,Completed,732
2150,781,66,Margherita Pizza,2023-11-26,13:59:08,Completed,348
2151,346,125,Chicken Tikka,2023-10-15,22:43:13,Completed,256
2152,638,195,Veg Fried Rice,2025-06-29,19:49:33,Completed,605
2153,155,127,Veg Fried Rice,2023-11-10,15:46:01,Completed,292
2154,994,17,Hakka Noodles,2023-04-07,13:11:15,Completed,858
2155,867,173,Margherita Pizza,2023-04-17,21:53:19,Completed,862
2156,422,158,Chicken Momos,2023-09-19,13:23:15,Completed,853
2157,988,134,Caesar Salad,2024-04-12,11:09:29,Completed,776
2158,622,57,Masala Dosa,2024-03-11,11:52:43,Completed,860
2159,616,67,Paneer Butter Masala,2025-01-07,21:15:52,Completed,277
2160,780,26,Idli Sambar,2023-08-13,16:55:47,Completed,895
2161,585,27,Paneer Tikka,2024-01-18,12:23:57,Cancelled,455
2162,490,55,Idli Sambar,2024-03-03,11:09:51,Completed,644
2163,350,91,Dal Makhani,2025-01-15,10:37:13,Completed,431
2164,603,78,Paneer Butter Masala,2024-03-17,21:34:43,Completed,550
2165,642,42,Chicken Tikka,2024-03-23,15:56:58,Completed,452
2166,502,109,Chicken Momos,2024-10-24,14:38:12,Cancelled,733
2167,470,131,Paneer Tikka,2025-01-26,10:49:03,Completed,186
2168,219,182,Chicken Momos,2023-01-03,09:32:52,Completed,288
2169,359,84,Paneer Butter Masala,2023-12-25,09:31:31,Completed,271
2170,772,131,Margherita Pizza,2024-02-01,18:35:19,Completed,761
2171,343,119,Caesar Salad,2025-02-18,22:11:18,Completed,321
2172,114,18,Veg Biryani,2023-06-17,13:37:22,Completed,717
2173,960,194,Margherita Pizza,2024-10-10,22:59:18,Cancelled,129
2174,742,135,Paneer Butter Masala,2023-03-03,21:05:44,Completed,829
2175,106,123,Chicken Tikka,2023-12-31,21:03:09,Completed,762
2176,924,157,Hakka Noodles,2024-05-12,17:32:54,Completed,809
2177,864,124,Hakka Noodles,2025-05-19,14:58:24,Completed,701
2178,295,31,Masala Dosa,2024-08-16,13:53:27,Completed,939
2179,162,194,Hakka Noodles,2025-06-23,20:41:11,Completed,688
2180,987,51,Margherita Pizza,2023-11-20,10:02:05,Completed,309
2181,491,44,Paneer Tikka,2024-12-10,11:32:49,Completed,654
2182,139,139,Idli Sambar,2023-01-22,13:20:43,Completed,675
2183,100,99,Paneer Tikka,2024-11-11,22:45:03,Cancelled,296
2184,61,51,Dal Makhani,2024-11-10,14:47:55,Completed,540
2185,925,173,Veg Momos,2024-07-31,13:26:09,Completed,702
2186,779,45,Fish Curry,2023-04-27,21:24:17,Pending,204
2187,567,6,Chicken Tikka,2024-06-03,18:27:44,Completed,656
2188,405,51,Veg Biryani,2025-05-31,11:31:07,Completed,792
2189,75,17,Masala Dosa,2024-06-02,10:44:26,Completed,228
2190,695,93,Veg Biryani,2025-04-22,12:54:12,Cancelled,514
2191,184,25,Chicken Biryani,2024-11-19,14:01:24,Completed,185
2192,490,46,Farmhouse Pizza,2023-10-05,14:18:51,Completed,302
2193,753,197,Dal Makhani,2023-08-31,18:37:37,Completed,415
2194,180,199,Margherita Pizza,2025-06-25,22:30:02,Completed,634
2195,751,71,Idli Sambar,2024-12-12,13:37:10,Completed,611
2196,926,14,Burger,2023-10-03,22:39:48,Completed,334
2197,366,88,Veg Fried Rice,2024-07-05,16:28:57,Completed,457
2198,97,143,Paneer Butter Masala,2023-04-11,15:31:22,Completed,532
2199,168,19,Veg Biryani,2024-04-28,10:58:24,Cancelled,287
2200,6,30,Veg Fried Rice,2023-01-27,10:14:54,Completed,520
2201,938,155,Dal Makhani,2024-02-10,19:56:54,Completed,873
2202,286,190,Dal Makhani,2023-02-12,20:33:26,Completed,576
2203,627,198,Chicken Momos,2023-11-19,09:25:59,Completed,314
2204,715,136,Margherita Pizza,2024-05-07,14:56:55,Completed,474
2205,252,181,Margherita Pizza,2023-11-04,22:21:23,Completed,355
2206,109,112,Chicken Biryani,2024-09-08,20:56:20,Completed,898
2207,709,43,Hakka Noodles,2024-10-08,20:50:48,Completed,492
2208,481,64,Butter Chicken,2024-06-01,15:14:56,Completed,308
2209,759,170,Pav Bhaji,2023-12-11,21:06:45,Completed,821
2210,703,88,Masala Dosa,2023-09-05,17:43:31,Completed,122
2211,64,128,Chicken Biryani,2024-10-29,21:30:19,Completed,340
2212,914,61,Burger,2024-02-12,09:09:23,Cancelled,391
2213,269,188,Margherita Pizza,2025-01-23,20:01:49,Completed,369
2214,788,135,Chole Bhature,2023-11-09,16:33:59,Completed,821
2215,428,7,Paneer Tikka,2025-01-05,15:12:03,Completed,174
2216,238,82,Chicken Momos,2024-03-18,17:06:09,Completed,908
2217,426,148,Masala Dosa,2023-05-14,19:51:34,Completed,320
2218,611,144,Burger,2025-05-07,10:19:19,Completed,881
2219,465,97,Idli Sambar,2025-06-13,22:07:57,Completed,689
2220,675,122,Margherita Pizza,2024-07-12,22:23:10,Completed,530
2221,933,197,Hakka Noodles,2023-11-15,21:31:53,Completed,896
2222,810,34,Burger,2023-10-31,17:19:50,Completed,376
2223,642,110,Fish Curry,2024-12-30,15:21:50,Completed,392
2224,967,161,Paneer Tikka,2024-01-05,20:57:32,Completed,267
2225,336,185,Fish Curry,2025-06-13,17:27:17,Completed,354
2226,2,54,Masala Dosa,2023-11-07,09:06:31,Completed,368
2227,444,141,Veg Fried Rice,2025-04-15,21:04:37,Completed,265
2228,819,25,Dal Makhani,2023-02-25,19:25:05,Completed,177
2229,852,64,Margherita Pizza,2023-09-22,10:48:04,Completed,628
2230,372,78,Veg Biryani,2023-01-12,19:07:59,Completed,600
2231,767,200,Chicken Momos,2023-08-18,15:32:57,Completed,310
2232,162,159,Hakka Noodles,2023-07-09,17:57:44,Completed,564
2233,940,24,Farmhouse Pizza,2025-05-12,15:04:19,Completed,650
2234,56,11,Veg Biryani,2024-10-22,17:36:50,Completed,789
2235,914,77,Masala Dosa,2023-06-02,21:21:42,Completed,428
2236,371,122,Dal Makhani,2025-01-31,15:48:43,Completed,879
2237,623,49,Farmhouse Pizza,2024-09-05,18:16:28,Completed,183
2238,968,50,Chole Bhature,2024-04-22,22:21:37,Completed,459
2239,518,113,Veg Momos,2023-06-30,17:57:44,Completed,130
2240,220,113,Veg Biryani,2025-05-27,21:24:57,Completed,523
2241,463,135,Veg Momos,2023-07-18,21:05:01,Completed,389
2242,959,152,Chole Bhature,2024-05-26,20:32:47,Completed,254
2243,135,85,Margherita Pizza,2025-01-18,11:02:26,Completed,527
2244,184,130,Paneer Tikka,2024-10-31,15:02:41,Completed,442
2245,964,69,Pav Bhaji,2024-01-13,14:29:41,Completed,217
2246,628,186,Paneer Tikka,2025-06-12,22:39:40,Completed,634
2247,572,73,Chicken Biryani,2025-01-24,21:43:23,Completed,303
2248,99,106,Farmhouse Pizza,2024-10-29,20:35:34,Pending,796
2249,215,200,Chicken Momos,2025-06-05,18:58:34,Completed,839
2250,467,164,Paneer Butter Masala,2023-05-31,09:40:47,Completed,450
2251,944,83,Burger,2025-02-14,15:17:07,Completed,674
2252,311,105,Caesar Salad,2023-10-26,21:12:33,Completed,726
2253,30,20,Butter Chicken,2024-07-04,15:09:56,Completed,148
2254,659,108,Chole Bhature,2023-12-21,09:52:13,Completed,661
2255,258,39,Caesar Salad,2023-01-15,16:19:46,Completed,447
2256,252,59,Veg Momos,2023-10-24,13:48:59,Completed,949
2257,514,184,Hakka Noodles,2025-05-25,12:20:34,Completed,583
2258,398,153,Chicken Biryani,2023-11-25,10:00:32,Completed,630
2259,72,172,Dal Makhani,2024-07-03,13:20:37,Completed,261
2260,507,45,Veg Biryani,2023-03-14,10:00:51,Completed,512
2261,872,71,Masala Dosa,2023-08-10,14:45:48,Completed,246
2262,993,200,Idli Sambar,2025-05-12,20:46:06,Pending,188
2263,500,132,Chole Bhature,2024-04-05,16:07:16,Completed,578
2264,506,65,Paneer Tikka,2023-08-23,21:41:15,Cancelled,904
2265,547,159,Paneer Butter Masala,2025-03-02,19:16:55,Completed,830
2266,204,46,Caesar Salad,2024-08-19,20:46:25,Completed,570
2267,552,93,Idli Sambar,2023-04-24,09:55:58,Completed,241
2268,280,193,Margherita Pizza,2023-10-02,17:48:19,Pending,909
2269,835,162,Chicken Tikka,2024-07-03,09:37:37,Completed,716
2270,241,126,Chicken Momos,2023-06-08,21:57:29,Completed,749
2271,595,99,Chicken Biryani,2025-03-01,14:53:43,Completed,652
2272,226,184,Margherita Pizza,2023-03-23,18:20:22,Pending,477
2273,594,124,Pav Bhaji,2023-03-20,22:06:56,Completed,332
2274,689,56,Chicken Momos,2024-03-16,14:36:46,Completed,620
2275,943,84,Chicken Momos,2024-10-17,10:35:57,Completed,549
2276,348,74,Burger,2023-03-01,14:24:35,Cancelled,445
2277,831,46,Idli Sambar,2025-03-28,18:25:13,Completed,369
2278,780,186,Farmhouse Pizza,2024-09-10,14:37:50,Completed,375
2279,849,143,Burger,2025-04-09,17:35:00,Completed,399
2280,402,142,Margherita Pizza,2024-02-28,14:18:37,Completed,551
2281,560,163,Masala Dosa,2023-02-25,09:59:26,Completed,264
2282,147,79,Veg Momos,2024-05-18,10:27:03,Completed,904
2283,848,122,Veg Momos,2024-04-15,17:19:01,Pending,303
2284,204,133,Dal Makhani,2024-04-22,18:46:57,Completed,524
2285,801,7,Paneer Tikka,2024-07-07,09:42:42,Completed,283
2286,949,18,Hakka Noodles,2024-06-03,22:40:10,Completed,798
2287,874,125,Paneer Butter Masala,2024-06-13,17:26:18,Completed,895
2288,792,174,Paneer Butter Masala,2023-07-17,14:07:18,Completed,421
2289,703,9,Fish Curry,2024-12-30,14:57:44,Completed,745
2290,672,107,Paneer Tikka,2024-06-14,14:03:45,Completed,557
2291,17,138,Masala Dosa,2025-04-13,22:39:34,Completed,917
2292,642,122,Margherita Pizza,2023-01-02,16:32:34,Completed,259
2293,267,8,Paneer Tikka,2023-12-07,14:47:41,Completed,205
2294,640,179,Veg Momos,2023-11-11,17:56:07,Completed,391
2295,472,53,Caesar Salad,2024-05-25,17:16:24,Completed,527
2296,324,104,Veg Fried Rice,2024-10-18,21:05:55,Completed,857
2297,281,114,Caesar Salad,2023-02-28,16:48:05,Pending,760
2298,679,107,Chicken Tikka,2025-02-03,20:07:16,Completed,497
2299,57,187,Veg Biryani,2025-01-16,12:57:50,Completed,785
2300,265,166,Veg Biryani,2023-06-14,15:12:30,Completed,135
2301,561,85,Veg Momos,2023-03-23,12:25:53,Completed,527
2302,666,30,Margherita Pizza,2024-10-07,17:58:26,Completed,654
2303,688,9,Butter Chicken,2023-11-14,22:42:55,Completed,503
2304,127,78,Caesar Salad,2025-03-22,11:48:16,Completed,728
2305,845,103,Farmhouse Pizza,2024-06-02,17:30:30,Completed,250
2306,317,153,Chicken Tikka,2023-08-07,17:47:31,Completed,243
2307,892,85,Chole Bhature,2024-07-17,19:38:06,Completed,707
2308,806,88,Farmhouse Pizza,2023-09-12,09:37:09,Completed,137
2309,436,200,Farmhouse Pizza,2023-06-02,19:51:20,Completed,404
2310,875,141,Caesar Salad,2023-06-08,18:41:03,Completed,422
2311,222,109,Dal Makhani,2023-07-16,11:05:51,Cancelled,433
2312,238,87,Margherita Pizza,2024-09-10,11:32:54,Completed,151
2313,980,17,Chicken Momos,2024-05-14,12:18:53,Completed,300
2314,174,93,Butter Chicken,2024-12-24,10:13:07,Completed,713
2315,510,108,Chole Bhature,2024-04-17,20:40:31,Completed,888
2316,206,28,Veg Biryani,2024-04-08,19:02:23,Completed,376
2317,416,97,Chicken Tikka,2025-05-17,22:34:02,Completed,679
2318,657,62,Pav Bhaji,2024-01-29,11:11:29,Completed,860
2319,275,17,Fish Curry,2025-05-07,15:05:44,Pending,864
2320,689,79,Veg Momos,2025-01-04,20:01:32,Completed,496
2321,369,51,Margherita Pizza,2023-02-19,12:21:54,Completed,669
2322,121,36,Masala Dosa,2024-09-22,13:00:41,Completed,255
2323,632,6,Farmhouse Pizza,2025-04-26,09:01:43,Completed,938
2324,520,30,Idli Sambar,2024-12-20,12:18:28,Completed,657
2325,233,159,Paneer Butter Masala,2023-07-12,19:58:03,Completed,829
2326,283,98,Chicken Tikka,2024-04-26,15:10:49,Completed,555
2327,797,144,Idli Sambar,2025-06-19,16:48:30,Completed,436
2328,589,44,Fish Curry,2025-03-26,10:17:33,Pending,810
2329,535,57,Dal Makhani,2023-03-06,18:57:07,Completed,867
2330,904,169,Margherita Pizza,2023-04-10,11:29:04,Completed,906
2331,323,12,Chicken Momos,2025-02-04,09:47:23,Completed,592
2332,263,142,Chole Bhature,2024-01-25,16:30:59,Completed,867
2333,82,151,Fish Curry,2023-05-24,11:40:02,Completed,641
2334,599,60,Veg Momos,2025-03-20,12:22:25,Completed,218
2335,217,2,Hakka Noodles,2024-05-31,22:53:36,Completed,432
2336,495,76,Caesar Salad,2024-01-13,19:20:54,Completed,857
2337,935,62,Chole Bhature,2023-07-01,17:10:16,Completed,390
2338,394,140,Farmhouse Pizza,2025-01-28,16:19:59,Completed,172
2339,505,113,Burger,2023-02-06,10:06:53,Completed,914
2340,490,196,Veg Momos,2023-04-19,10:37:07,Completed,587
2341,166,40,Paneer Tikka,2024-11-28,22:15:58,Cancelled,787
2342,822,165,Veg Fried Rice,2023-03-03,18:32:36,Completed,781
2343,679,63,Chicken Biryani,2024-12-13,14:04:40,Completed,680
2344,808,142,Margherita Pizza,2023-10-27,16:24:02,Completed,259
2345,191,145,Idli Sambar,2023-08-22,16:30:31,Completed,154
2346,987,68,Paneer Tikka,2024-10-18,19:03:45,Completed,269
2347,473,88,Paneer Tikka,2025-03-17,15:59:56,Cancelled,194
2348,704,62,Veg Fried Rice,2023-07-28,19:52:12,Pending,592
2349,938,175,Butter Chicken,2023-07-13,14:27:50,Completed,372
2350,847,66,Dal Makhani,2023-07-23,13:18:06,Completed,845
2351,172,160,Masala Dosa,2025-03-04,20:40:59,Completed,276
2352,164,59,Veg Fried Rice,2024-01-25,17:16:03,Completed,856
2353,596,159,Masala Dosa,2023-02-02,09:43:30,Completed,252
2354,263,87,Chicken Tikka,2023-12-17,15:06:10,Cancelled,128
2355,990,100,Caesar Salad,2024-03-13,14:57:49,Pending,601
2356,675,136,Veg Fried Rice,2024-06-17,18:19:25,Completed,931
2357,649,48,Burger,2023-04-05,11:53:14,Completed,466
2358,895,93,Pav Bhaji,2024-04-02,09:46:08,Cancelled,857
2359,241,105,Paneer Tikka,2024-03-30,22:14:45,Completed,251
2360,281,112,Margherita Pizza,2025-01-17,12:11:23,Completed,759
2361,971,167,Margherita Pizza,2025-06-16,16:31:33,Completed,285
2362,541,78,Veg Biryani,2023-07-11,13:30:24,Completed,391
2363,285,139,Idli Sambar,2023-08-18,22:34:25,Completed,157
2364,73,70,Paneer Butter Masala,2023-02-22,11:03:52,Completed,838
2365,211,114,Burger,2025-04-11,12:09:38,Completed,809
2366,453,186,Masala Dosa,2023-01-23,16:44:54,Completed,769
2367,336,69,Caesar Salad,2023-07-27,16:14:20,Completed,642
2368,78,193,Chicken Tikka,2023-10-08,17:45:55,Completed,488
2369,281,27,Chicken Tikka,2025-03-31,17:40:19,Completed,867
2370,465,58,Veg Momos,2024-11-25,17:48:07,Pending,807
2371,311,102,Burger,2025-01-31,10:52:10,Completed,721
2372,472,71,Veg Biryani,2023-09-25,15:36:34,Completed,758
2373,442,165,Butter Chicken,2025-06-23,15:19:12,Completed,855
2374,540,55,Fish Curry,2023-09-06,20:21:38,Completed,649
2375,288,73,Veg Fried Rice,2025-06-06,10:07:52,Completed,897
2376,828,128,Veg Biryani,2023-03-18,21:43:54,Completed,508
2377,852,160,Chicken Biryani,2024-02-03,14:29:34,Completed,444
2378,797,109,Veg Biryani,2024-09-23,18:09:33,Completed,777
2379,831,186,Chicken Biryani,2024-02-21,10:49:07,Pending,171
2380,761,148,Chicken Tikka,2024-12-10,14:44:51,Completed,823
2381,319,125,Chole Bhature,2025-06-15,20:30:38,Completed,920
2382,773,104,Caesar Salad,2024-08-17,22:13:15,Completed,627
2383,317,190,Butter Chicken,2023-01-01,17:58:30,Completed,199
2384,668,61,Chicken Momos,2024-06-03,20:10:23,Completed,810
2385,917,147,Paneer Butter Masala,2024-02-22,10:18:29,Completed,441
2386,271,165,Chicken Momos,2025-05-17,13:26:38,Completed,429
2387,456,114,Hakka Noodles,2025-03-01,10:42:31,Completed,855
2388,838,161,Chicken Biryani,2024-05-19,09:02:13,Completed,820
2389,125,186,Butter Chicken,2023-06-25,15:06:21,Completed,192
2390,530,118,Burger,2024-03-06,11:19:12,Completed,474
2391,514,122,Paneer Butter Masala,2025-05-15,12:35:19,Completed,881
2392,400,118,Farmhouse Pizza,2023-02-02,15:06:57,Completed,886
2393,24,130,Chicken Biryani,2023-11-30,22:55:57,Completed,123
2394,983,198,Veg Biryani,2025-05-16,18:33:05,Completed,943
2395,494,42,Fish Curry,2023-05-23,21:14:09,Completed,137
2396,812,147,Veg Momos,2023-07-25,12:51:32,Completed,313
2397,632,148,Masala Dosa,2024-11-06,18:46:53,Completed,823
2398,452,19,Paneer Tikka,2024-10-23,12:09:35,Completed,180
2399,123,61,Butter Chicken,2023-11-19,14:03:29,Completed,369
2400,632,86,Masala Dosa,2024-01-09,12:38:00,Completed,803
2401,316,112,Chicken Tikka,2023-12-31,18:13:08,Pending,903
2402,712,67,Chicken Biryani,2024-09-21,19:18:09,Completed,637
2403,447,75,Farmhouse Pizza,2025-04-15,18:30:36,Completed,465
2404,623,184,Idli Sambar,2023-02-01,16:00:20,Pending,355
2405,855,76,Paneer Tikka,2024-03-06,15:27:14,Completed,173
2406,204,55,Fish Curry,2024-06-30,18:24:57,Completed,663
2407,832,92,Paneer Butter Masala,2024-08-10,13:10:19,Completed,741
2408,637,135,Fish Curry,2023-03-15,20:36:06,Completed,237
2409,555,75,Chicken Momos,2024-11-06,21:09:42,Completed,636
2410,258,80,Butter Chicken,2024-07-14,14:22:06,Pending,830
2411,580,93,Pav Bhaji,2024-08-24,19:39:49,Completed,680
2412,691,67,Butter Chicken,2023-05-05,16:59:34,Completed,807
2413,701,156,Caesar Salad,2024-12-24,09:44:16,Completed,546
2414,523,24,Margherita Pizza,2024-03-07,18:00:47,Completed,433
2415,123,101,Veg Momos,2025-06-21,11:49:21,Completed,196
2416,178,165,Veg Momos,2024-03-09,11:30:02,Completed,864
2417,912,76,Paneer Tikka,2025-03-13,21:54:22,Completed,834
2418,115,133,Dal Makhani,2024-12-14,17:32:19,Completed,510
2419,443,185,Butter Chicken,2023-03-15,10:35:56,Completed,680
2420,967,101,Paneer Tikka,2025-04-13,10:22:34,Completed,559
2421,490,75,Masala Dosa,2023-02-15,12:33:05,Completed,594
2422,233,190,Masala Dosa,2024-04-14,16:33:24,Completed,710
2423,11,162,Caesar Salad,2024-06-14,10:34:05,Cancelled,240
2424,521,174,Butter Chicken,2023-03-14,15:32:03,Completed,588
2425,613,99,Paneer Tikka,2024-05-25,12:02:03,Completed,471
2426,767,30,Hakka Noodles,2023-07-09,13:58:19,Completed,792
2427,530,174,Fish Curry,2024-10-20,09:28:14,Cancelled,710
2428,716,16,Farmhouse Pizza,2025-05-04,10:15:10,Cancelled,430
2429,4,197,Fish Curry,2025-05-27,12:48:38,Completed,598
2430,735,177,Butter Chicken,2023-05-14,18:53:01,Cancelled,238
2431,198,182,Dal Makhani,2025-05-30,21:54:20,Pending,753
2432,947,59,Butter Chicken,2025-02-17,10:40:59,Completed,574
2433,5,50,Hakka Noodles,2024-03-18,10:23:53,Completed,652
2434,296,6,Chicken Momos,2024-07-20,19:09:22,Cancelled,640
2435,900,141,Farmhouse Pizza,2025-06-19,17:19:39,Completed,454
2436,974,43,Masala Dosa,2025-05-24,13:11:04,Pending,355
2437,708,113,Chicken Momos,2023-11-28,12:50:56,Completed,326
2438,596,145,Dal Makhani,2023-09-18,12:28:51,Completed,661
2439,613,125,Masala Dosa,2023-10-08,09:48:47,Completed,549
2440,630,187,Paneer Butter Masala,2023-10-17,15:52:39,Completed,340
2441,634,49,Veg Fried Rice,2023-11-01,17:10:20,Completed,297
2442,421,55,Dal Makhani,2024-09-12,09:42:53,Completed,636
2443,805,113,Margherita Pizza,2023-07-03,11:13:50,Completed,288
2444,1000,40,Chicken Biryani,2023-12-19,20:58:53,Cancelled,677
2445,719,6,Caesar Salad,2025-01-04,12:56:39,Completed,575
2446,383,78,Pav Bhaji,2025-01-24,13:06:20,Completed,404
2447,905,59,Chicken Tikka,2024-04-19,17:56:20,Completed,565
2448,724,33,Chicken Momos,2023-02-08,20:27:34,Completed,211
2449,325,140,Idli Sambar,2023-12-16,20:05:36,Cancelled,687
2450,856,48,Chicken Momos,2024-10-07,20:39:24,Completed,688
2451,578,89,Burger,2024-06-28,13:47:12,Completed,361
2452,887,65,Margherita Pizza,2023-04-22,10:20:53,Cancelled,908
2453,800,176,Chicken Momos,2024-10-01,16:00:15,Completed,409
2454,487,39,Masala Dosa,2023-06-13,10:07:48,Completed,845
2455,501,159,Masala Dosa,2024-10-19,10:14:45,Pending,461
2456,551,141,Chole Bhature,2025-05-23,15:16:31,Completed,126
2457,85,16,Chicken Tikka,2025-05-18,11:53:02,Completed,500
2458,856,140,Chicken Tikka,2023-12-27,12:00:10,Completed,748
2459,215,161,Masala Dosa,2023-10-15,14:45:12,Completed,927
2460,237,151,Veg Momos,2024-11-22,17:19:11,Completed,319
2461,457,170,Chicken Tikka,2023-05-01,12:01:48,Completed,132
2462,249,17,Chicken Momos,2024-05-23,15:40:51,Cancelled,713
2463,474,60,Caesar Salad,2024-03-11,10:33:39,Completed,330
2464,866,185,Paneer Butter Masala,2024-11-29,20:08:48,Completed,285
2465,923,104,Farmhouse Pizza,2025-01-11,19:48:16,Completed,465
2466,804,164,Idli Sambar,2024-05-16,10:56:28,Completed,531
2467,63,187,Hakka Noodles,2025-04-11,12:59:49,Completed,206
2468,340,71,Dal Makhani,2024-06-08,19:18:29,Completed,847
2469,391,130,Pav Bhaji,2023-05-14,13:57:48,Cancelled,425
2470,552,33,Veg Fried Rice,2024-01-23,22:26:02,Completed,915
2471,425,113,Masala Dosa,2024-07-08,12:01:51,Completed,312
2472,877,164,Veg Biryani,2024-07-29,21:03:24,Completed,168
2473,729,31,Caesar Salad,2023-02-10,16:31:21,Completed,144
2474,79,96,Masala Dosa,2024-02-14,22:27:44,Completed,529
2475,584,200,Chicken Momos,2024-10-24,11:54:25,Completed,211
2476,990,135,Butter Chicken,2025-04-19,14:52:26,Completed,837
2477,150,25,Chicken Momos,2024-10-27,15:19:40,Completed,912
2478,720,59,Paneer Butter Masala,2024-05-02,13:10:21,Completed,472
2479,115,61,Veg Momos,2023-10-16,22:17:54,Completed,794
2480,828,98,Butter Chicken,2023-09-22,17:01:50,Completed,809
2481,798,191,Veg Fried Rice,2025-05-10,11:06:48,Completed,206
2482,460,192,Veg Momos,2024-10-10,17:31:59,Completed,434
2483,964,125,Caesar Salad,2023-03-28,19:18:18,Completed,671
2484,295,131,Burger,2025-04-28,11:33:31,Completed,373
2485,786,102,Chicken Biryani,2023-10-29,19:49:21,Completed,922
2486,963,65,Margherita Pizza,2023-12-14,15:37:22,Completed,329
2487,965,14,Paneer Butter Masala,2023-04-20,11:24:01,Completed,816
2488,125,92,Hakka Noodles,2024-03-04,18:37:25,Completed,648
2489,902,147,Paneer Butter Masala,2025-06-02,21:23:37,Completed,488
2490,327,170,Veg Fried Rice,2024-05-21,22:04:43,Completed,834
2491,241,73,Chicken Tikka,2025-05-30,20:32:10,Completed,841
2492,549,116,Chicken Momos,2024-10-10,22:23:30,Completed,725
2493,55,50,Margherita Pizza,2024-04-26,14:06:09,Completed,546
2494,501,45,Paneer Tikka,2024-07-26,15:38:16,Completed,388
2495,595,198,Veg Momos,2024-03-02,13:23:34,Completed,509
2496,13,147,Chicken Momos,2023-03-01,19:08:18,Completed,248
2497,171,193,Dal Makhani,2024-06-24,22:28:44,Completed,632
2498,182,86,Chicken Momos,2023-06-20,10:44:10,Cancelled,337
2499,106,111,Fish Curry,2023-02-13,22:27:36,Completed,771
2500,568,62,Masala Dosa,2024-04-17,15:50:45,Completed,838
2501,263,139,Hakka Noodles,2025-05-29,14:01:07,Cancelled,837
2502,400,4,Chicken Biryani,2025-02-26,10:30:13,Completed,442
2503,551,50,Paneer Tikka,2024-05-21,22:59:08,Completed,825
2504,210,71,Paneer Butter Masala,2023-09-21,16:20:06,Completed,439
2505,846,177,Paneer Butter Masala,2025-05-24,09:17:53,Completed,330
2506,651,177,Dal Makhani,2025-03-02,19:52:53,Completed,949
2507,244,12,Burger,2023-01-15,18:31:23,Completed,223
2508,231,124,Butter Chicken,2023-03-15,14:00:05,Completed,354
2509,438,139,Masala Dosa,2023-06-23,15:08:37,Pending,124
2510,163,139,Chole Bhature,2024-02-09,13:00:24,Completed,410
2511,74,175,Chole Bhature,2023-06-18,22:58:50,Completed,940
2512,103,39,Veg Fried Rice,2024-03-26,11:08:29,Completed,588
2513,653,107,Masala Dosa,2023-03-01,20:30:54,Completed,180
2514,402,185,Chicken Biryani,2024-11-20,15:49:49,Completed,310
2515,660,12,Chicken Momos,2023-06-09,09:22:49,Cancelled,843
2516,342,30,Paneer Butter Masala,2024-06-26,17:02:25,Completed,143
2517,147,141,Chole Bhature,2023-10-19,11:27:37,Completed,214
2518,372,127,Margherita Pizza,2024-08-06,11:08:53,Pending,397
2519,441,151,Caesar Salad,2024-05-10,17:36:14,Completed,901
2520,170,28,Veg Biryani,2023-03-07,21:16:33,Completed,602
2521,501,86,Masala Dosa,2025-04-10,14:28:39,Completed,249
2522,395,5,Chicken Biryani,2023-07-23,12:21:30,Completed,327
2523,913,157,Paneer Tikka,2023-04-17,12:27:57,Completed,725
2524,65,170,Pav Bhaji,2024-06-25,15:52:13,Completed,850
2525,982,176,Caesar Salad,2024-02-11,16:37:49,Completed,791
2526,194,159,Hakka Noodles,2024-09-15,15:28:29,Completed,821
2527,955,192,Veg Fried Rice,2024-09-21,13:12:24,Completed,328
2528,655,7,Caesar Salad,2023-01-19,13:28:05,Completed,187
2529,354,11,Burger,2023-01-04,09:55:57,Completed,355
2530,129,20,Veg Biryani,2023-03-18,19:14:44,Cancelled,944
2531,835,139,Veg Biryani,2025-03-04,11:49:15,Completed,486
2532,57,47,Masala Dosa,2024-12-23,17:30:02,Completed,877
2533,469,125,Masala Dosa,2025-01-01,12:39:40,Completed,222
2534,214,108,Dal Makhani,2023-09-25,09:18:10,Pending,713
2535,444,147,Burger,2023-08-23,12:39:23,Completed,168
2536,325,29,Hakka Noodles,2023-06-03,10:05:38,Completed,865
2537,510,175,Fish Curry,2024-03-13,21:45:17,Completed,528
2538,785,77,Farmhouse Pizza,2025-04-11,19:54:39,Pending,307
2539,897,146,Caesar Salad,2024-12-30,20:15:32,Completed,469
2540,195,140,Dal Makhani,2023-03-15,10:54:37,Completed,303
2541,817,42,Burger,2024-01-21,11:29:47,Completed,800
2542,447,27,Margherita Pizza,2025-01-30,21:35:24,Completed,473
2543,713,33,Veg Fried Rice,2023-02-27,20:52:18,Completed,229
2544,53,154,Chole Bhature,2023-08-12,10:44:46,Completed,679
2545,953,64,Chole Bhature,2023-04-22,14:55:02,Completed,541
2546,463,7,Paneer Butter Masala,2024-01-28,10:01:24,Cancelled,669
2547,682,161,Burger,2023-02-12,15:34:52,Completed,267
2548,378,56,Veg Momos,2024-01-21,11:52:27,Pending,140
2549,150,173,Burger,2023-04-12,22:46:49,Cancelled,641
2550,533,167,Idli Sambar,2025-04-23,19:37:38,Completed,534
2551,445,116,Farmhouse Pizza,2024-01-08,12:35:30,Cancelled,256
2552,373,198,Burger,2023-09-09,10:28:45,Completed,637
2553,620,82,Veg Fried Rice,2023-12-19,12:42:27,Cancelled,709
2554,763,169,Fish Curry,2025-06-04,09:10:30,Completed,531
2555,175,51,Masala Dosa,2023-02-27,12:04:55,Cancelled,914
2556,625,92,Butter Chicken,2025-04-11,10:46:45,Completed,719
2557,151,87,Paneer Butter Masala,2023-07-06,20:01:07,Completed,145
2558,321,8,Idli Sambar,2023-01-14,19:39:59,Completed,468
2559,169,160,Margherita Pizza,2025-05-27,15:42:07,Completed,435
2560,564,126,Chicken Tikka,2023-11-18,11:07:34,Completed,486
2561,455,170,Chicken Momos,2025-06-07,22:14:59,Completed,387
2562,411,70,Paneer Butter Masala,2023-12-27,14:38:53,Completed,844
2563,767,149,Fish Curry,2024-07-07,14:55:04,Completed,657
2564,984,91,Veg Fried Rice,2024-03-04,17:14:24,Completed,939
2565,417,142,Butter Chicken,2023-10-06,22:23:24,Completed,820
2566,331,116,Veg Biryani,2024-07-09,13:52:10,Completed,281
2567,821,145,Masala Dosa,2023-05-20,09:48:25,Completed,470
2568,450,137,Butter Chicken,2023-02-13,19:28:26,Completed,551
2569,638,125,Caesar Salad,2023-09-10,18:23:04,Completed,349
2570,664,58,Fish Curry,2025-02-11,16:52:26,Completed,224
2571,433,55,Burger,2024-03-23,20:18:49,Completed,440
2572,209,150,Dal Makhani,2024-09-09,13:10:58,Completed,226
2573,580,34,Chicken Biryani,2024-02-28,19:20:17,Completed,177
2574,751,108,Margherita Pizza,2025-06-14,22:53:38,Completed,728
2575,192,192,Veg Fried Rice,2023-03-24,21:38:38,Completed,288
2576,414,100,Masala Dosa,2024-03-13,21:16:27,Completed,602
2577,130,95,Paneer Tikka,2023-06-30,15:30:57,Completed,907
2578,613,69,Caesar Salad,2025-01-30,21:13:56,Pending,246
2579,917,125,Paneer Butter Masala,2023-08-17,21:23:54,Completed,895
2580,701,160,Chicken Biryani,2024-02-07,10:06:03,Completed,794
2581,964,83,Butter Chicken,2023-06-18,14:53:31,Completed,574
2582,745,182,Masala Dosa,2024-10-14,21:35:08,Cancelled,552
2583,801,35,Caesar Salad,2024-11-02,18:59:08,Completed,552
2584,118,11,Caesar Salad,2024-12-07,16:52:26,Completed,734
2585,658,169,Veg Fried Rice,2025-01-29,11:14:26,Completed,499
2586,752,185,Veg Fried Rice,2023-06-29,21:26:17,Completed,943
2587,7,76,Margherita Pizza,2024-03-03,17:17:06,Completed,388
2588,745,187,Margherita Pizza,2023-05-08,18:40:35,Completed,287
2589,450,130,Chicken Tikka,2024-05-04,11:42:17,Completed,301
2590,71,179,Chole Bhature,2024-03-25,17:29:23,Completed,734
2591,913,32,Farmhouse Pizza,2024-09-14,16:46:39,Completed,713
2592,734,116,Chole Bhature,2025-05-02,12:49:04,Completed,706
2593,974,76,Masala Dosa,2024-02-13,13:21:54,Completed,557
2594,499,50,Idli Sambar,2024-02-29,09:35:02,Completed,459
2595,462,71,Farmhouse Pizza,2025-01-19,20:01:56,Completed,929
2596,399,137,Butter Chicken,2025-05-25,19:30:06,Completed,433
2597,489,37,Pav Bhaji,2023-12-20,15:21:01,Completed,528
2598,109,55,Masala Dosa,2023-05-12,18:09:21,Completed,323
2599,9,102,Burger,2023-05-09,17:36:26,Completed,630
2600,153,55,Farmhouse Pizza,2024-01-07,15:48:41,Completed,234
2601,804,86,Butter Chicken,2023-05-09,17:21:57,Completed,584
2602,911,137,Margherita Pizza,2025-06-09,12:39:18,Completed,808
2603,657,143,Butter Chicken,2023-10-15,19:44:39,Completed,350
2604,809,20,Idli Sambar,2024-01-15,16:08:06,Completed,222
2605,116,152,Burger,2023-05-30,22:16:35,Completed,753
2606,63,154,Veg Biryani,2024-03-24,21:05:02,Completed,557
2607,80,96,Veg Fried Rice,2023-05-09,17:18:41,Completed,750
2608,615,102,Burger,2025-06-28,22:03:44,Cancelled,651
2609,75,71,Paneer Butter Masala,2024-05-23,17:11:08,Completed,227
2610,609,78,Veg Biryani,2023-12-06,21:57:30,Completed,341
2611,968,20,Butter Chicken,2025-02-28,09:26:39,Completed,129
2612,763,133,Margherita Pizza,2023-02-15,22:48:59,Completed,362
2613,48,20,Butter Chicken,2023-06-01,17:42:59,Completed,694
2614,663,117,Chole Bhature,2024-10-22,15:47:59,Completed,162
2615,329,129,Veg Momos,2025-02-26,19:38:41,Completed,608
2616,532,39,Chicken Tikka,2024-02-22,16:26:02,Completed,741
2617,405,141,Chicken Momos,2024-01-25,22:23:40,Completed,772
2618,925,196,Chole Bhature,2024-06-12,12:39:34,Completed,172
2619,430,181,Masala Dosa,2024-08-08,20:26:00,Completed,471
2620,213,137,Chicken Tikka,2023-06-15,20:22:27,Completed,420
2621,905,114,Fish Curry,2024-03-04,17:26:55,Completed,312
2622,149,103,Dal Makhani,2025-04-16,21:03:41,Completed,220
2623,234,49,Masala Dosa,2023-07-18,17:11:00,Completed,203
2624,312,141,Dal Makhani,2024-07-24,21:02:06,Completed,872
2625,35,65,Chicken Biryani,2023-08-16,14:50:33,Completed,628
2626,874,154,Pav Bhaji,2023-11-30,12:57:23,Pending,318
2627,343,93,Chole Bhature,2025-01-26,10:37:09,Completed,937
2628,229,88,Chicken Tikka,2024-04-05,10:29:40,Completed,530
2629,798,7,Chicken Tikka,2025-06-19,09:50:26,Completed,799
2630,174,46,Chicken Momos,2024-12-10,21:10:37,Completed,176
2631,143,151,Paneer Butter Masala,2024-04-12,10:18:44,Completed,871
2632,669,62,Chicken Biryani,2025-02-01,10:34:03,Completed,318
2633,293,116,Fish Curry,2024-07-02,12:19:42,Completed,808
2634,152,29,Paneer Tikka,2023-07-19,09:37:06,Completed,779
2635,282,58,Veg Biryani,2023-06-02,21:32:16,Completed,498
2636,249,148,Chicken Momos,2023-06-17,10:54:11,Completed,869
2637,2,103,Hakka Noodles,2024-05-23,17:20:25,Completed,865
2638,532,4,Margherita Pizza,2024-07-23,22:32:16,Completed,491
2639,613,17,Veg Biryani,2023-02-10,21:05:43,Completed,862
2640,311,194,Farmhouse Pizza,2025-03-24,09:57:01,Completed,468
2641,939,7,Paneer Tikka,2023-05-14,19:42:31,Completed,569
2642,269,157,Pav Bhaji,2023-06-30,16:32:24,Completed,773
2643,152,191,Pav Bhaji,2024-01-18,17:01:29,Cancelled,590
2644,609,27,Burger,2024-02-18,14:05:42,Completed,263
2645,284,111,Hakka Noodles,2023-05-03,11:31:29,Completed,928
2646,876,19,Idli Sambar,2024-07-04,19:04:28,Completed,642
2647,59,167,Burger,2024-10-28,19:39:15,Completed,569
2648,205,29,Veg Biryani,2023-11-20,12:02:38,Completed,315
2649,489,177,Idli Sambar,2023-01-01,09:40:32,Completed,299
2650,616,119,Chicken Momos,2024-12-01,13:43:48,Completed,505
2651,621,86,Burger,2024-06-28,17:48:21,Completed,170
2652,988,48,Chicken Momos,2024-05-23,17:32:34,Completed,374
2653,470,67,Pav Bhaji,2024-04-05,16:51:57,Completed,409
2654,842,175,Chicken Tikka,2025-04-05,09:22:56,Completed,355
2655,634,176,Chicken Momos,2024-05-29,11:45:19,Completed,424
2656,261,87,Chicken Biryani,2024-03-11,15:43:27,Completed,239
2657,249,114,Caesar Salad,2024-10-20,19:35:10,Completed,534
2658,710,185,Caesar Salad,2023-07-03,20:48:21,Completed,172
2659,183,1,Caesar Salad,2023-10-03,21:51:08,Completed,470
2660,177,60,Paneer Butter Masala,2024-07-26,14:41:16,Completed,865
2661,5,94,Veg Fried Rice,2023-06-18,12:12:32,Completed,120
2662,527,66,Idli Sambar,2023-05-23,13:23:44,Completed,269
2663,744,95,Margherita Pizza,2023-01-19,13:45:29,Completed,369
2664,66,46,Chicken Biryani,2024-12-15,18:44:31,Completed,563
2665,159,163,Masala Dosa,2023-09-15,19:19:50,Cancelled,940
2666,74,168,Chicken Tikka,2024-10-29,21:52:42,Completed,328
2667,565,112,Paneer Butter Masala,2024-11-28,18:17:54,Completed,237
2668,68,78,Pav Bhaji,2025-05-08,14:22:22,Completed,808
2669,143,50,Paneer Butter Masala,2025-02-22,15:06:58,Completed,799
2670,481,105,Chicken Tikka,2023-07-05,19:08:39,Completed,475
2671,906,119,Paneer Butter Masala,2024-06-06,16:10:02,Completed,407
2672,632,37,Chole Bhature,2024-03-22,21:17:53,Completed,332
2673,60,135,Veg Fried Rice,2024-10-18,17:39:18,Completed,945
2674,271,152,Caesar Salad,2023-03-21,09:07:55,Cancelled,874
2675,27,199,Chicken Biryani,2025-03-06,17:03:42,Completed,345
2676,15,111,Veg Biryani,2024-05-24,12:56:06,Completed,935
2677,734,39,Veg Fried Rice,2025-03-07,21:25:16,Completed,157
2678,220,150,Idli Sambar,2023-01-31,20:59:10,Completed,854
2679,395,195,Butter Chicken,2023-08-17,22:00:02,Completed,802
2680,846,131,Dal Makhani,2025-04-23,17:22:46,Completed,775
2681,642,75,Chicken Momos,2024-02-18,15:46:15,Completed,646
2682,442,153,Margherita Pizza,2024-10-07,17:26:55,Completed,470
2683,121,71,Margherita Pizza,2025-01-15,09:08:19,Completed,789
2684,32,187,Margherita Pizza,2024-06-10,18:14:52,Completed,669
2685,179,114,Chicken Tikka,2023-08-17,20:42:36,Completed,225
2686,756,47,Veg Fried Rice,2023-03-05,18:48:24,Completed,440
2687,6,58,Margherita Pizza,2025-04-25,09:58:23,Completed,935
2688,671,34,Chicken Momos,2024-06-30,14:21:34,Completed,570
2689,804,1,Chole Bhature,2023-12-10,20:50:42,Completed,539
2690,165,159,Fish Curry,2025-01-01,13:30:51,Pending,409
2691,276,116,Chole Bhature,2024-07-22,11:48:48,Completed,323
2692,8,9,Butter Chicken,2025-06-05,21:53:35,Completed,746
2693,243,168,Chicken Biryani,2024-03-24,18:17:56,Completed,543
2694,279,57,Farmhouse Pizza,2025-05-31,17:53:25,Completed,405
2695,440,132,Fish Curry,2025-05-07,22:15:01,Completed,546
2696,164,147,Veg Biryani,2024-05-28,16:42:53,Completed,936
2697,133,188,Veg Fried Rice,2023-07-12,18:49:29,Completed,336
2698,251,110,Chole Bhature,2023-01-20,16:07:42,Completed,510
2699,664,163,Paneer Tikka,2023-12-12,15:47:04,Pending,911
2700,970,53,Fish Curry,2023-05-06,22:36:16,Completed,124
2701,983,125,Butter Chicken,2024-06-08,09:56:33,Completed,637
2702,967,38,Pav Bhaji,2025-06-13,21:44:32,Completed,636
2703,20,21,Chicken Momos,2024-11-15,21:57:14,Completed,908
2704,701,172,Hakka Noodles,2025-06-23,20:50:05,Completed,588
2705,166,145,Caesar Salad,2023-11-27,22:53:01,Completed,655
2706,377,197,Chicken Momos,2023-09-18,17:52:51,Completed,935
2707,514,2,Fish Curry,2023-06-16,12:33:51,Completed,544
2708,807,167,Hakka Noodles,2025-01-17,14:02:04,Completed,399
2709,42,157,Hakka Noodles,2024-12-14,18:27:32,Completed,773
2710,518,96,Margherita Pizza,2025-05-16,17:58:06,Completed,337
2711,402,42,Veg Biryani,2024-10-06,14:38:48,Completed,240
2712,913,76,Chicken Tikka,2024-06-18,22:49:40,Completed,932
2713,753,115,Butter Chicken,2023-10-24,09:33:54,Completed,552
2714,917,50,Margherita Pizza,2024-08-30,11:45:15,Completed,734
2715,831,29,Dal Makhani,2023-02-21,17:29:11,Cancelled,797
2716,28,54,Masala Dosa,2024-08-24,12:50:38,Completed,337
2717,567,177,Veg Momos,2023-05-09,20:27:57,Completed,554
2718,536,97,Veg Fried Rice,2025-04-22,11:31:09,Completed,547
2719,433,152,Veg Biryani,2024-01-22,13:09:37,Completed,585
2720,742,88,Pav Bhaji,2024-07-07,18:10:39,Completed,475
2721,327,59,Veg Fried Rice,2023-10-25,14:13:38,Completed,493
2722,656,91,Veg Momos,2025-04-29,14:40:38,Completed,811
2723,255,13,Dal Makhani,2023-01-28,13:27:41,Completed,213
2724,525,115,Butter Chicken,2024-11-14,20:58:27,Pending,259
2725,15,198,Butter Chicken,2024-06-30,19:16:20,Completed,275
2726,23,145,Chicken Tikka,2024-11-02,15:48:06,Completed,431
2727,826,77,Veg Momos,2023-04-09,13:34:03,Completed,463
2728,401,100,Hakka Noodles,2023-06-03,17:10:09,Completed,522
2729,234,1,Veg Momos,2025-04-30,18:50:35,Completed,912
2730,802,189,Chicken Biryani,2023-12-14,13:43:32,Completed,850
2731,228,181,Veg Biryani,2024-05-18,15:58:38,Completed,235
2732,988,183,Chole Bhature,2025-03-12,09:45:50,Completed,627
2733,716,71,Dal Makhani,2023-11-10,22:28:40,Completed,468
2734,595,135,Pav Bhaji,2023-09-15,14:25:28,Completed,275
2735,921,5,Paneer Butter Masala,2023-07-25,20:41:41,Completed,580
2736,497,20,Paneer Butter Masala,2023-06-11,13:07:15,Completed,486
2737,747,117,Burger,2023-05-05,17:45:02,Cancelled,893
2738,872,108,Paneer Butter Masala,2024-12-04,13:45:56,Completed,223
2739,879,24,Margherita Pizza,2023-07-15,11:44:36,Completed,486
2740,194,157,Dal Makhani,2024-01-27,13:43:15,Completed,394
2741,22,191,Chicken Tikka,2025-03-02,19:34:12,Completed,120
2742,691,184,Margherita Pizza,2023-07-14,19:19:07,Completed,761
2743,482,62,Margherita Pizza,2023-11-27,22:36:15,Completed,920
2744,417,199,Burger,2023-09-10,10:22:18,Completed,547
2745,997,91,Chicken Biryani,2023-05-13,15:32:08,Completed,733
2746,797,80,Chole Bhature,2024-12-29,17:26:52,Completed,912
2747,997,187,Burger,2024-08-22,13:06:29,Completed,165
2748,524,15,Chicken Biryani,2024-03-03,20:17:19,Pending,450
2749,758,72,Chicken Biryani,2023-11-21,13:11:10,Completed,198
2750,706,128,Masala Dosa,2023-07-08,20:07:50,Completed,218
2751,42,71,Chicken Tikka,2024-04-23,19:43:30,Completed,682
2752,65,61,Veg Fried Rice,2023-04-29,12:34:49,Completed,578
2753,698,127,Burger,2023-08-20,20:12:24,Completed,226
2754,939,24,Paneer Tikka,2025-02-11,16:26:31,Completed,160
2755,493,135,Caesar Salad,2025-04-17,16:38:43,Completed,616
2756,930,30,Paneer Tikka,2024-02-15,17:03:49,Completed,199
2757,778,198,Chicken Tikka,2025-02-12,09:09:32,Completed,268
2758,361,38,Masala Dosa,2025-05-11,19:32:04,Completed,260
2759,307,119,Chicken Momos,2024-07-18,22:45:58,Cancelled,367
2760,138,125,Veg Fried Rice,2024-01-29,12:47:30,Completed,475
2761,272,107,Veg Momos,2023-08-14,22:21:01,Completed,621
2762,216,151,Veg Fried Rice,2024-03-08,12:53:33,Completed,172
2763,390,14,Veg Biryani,2023-09-10,11:15:30,Completed,865
2764,313,27,Caesar Salad,2024-07-27,22:59:44,Completed,537
2765,291,35,Paneer Tikka,2024-05-04,22:04:28,Completed,866
2766,627,80,Masala Dosa,2023-02-09,09:02:14,Completed,330
2767,652,19,Margherita Pizza,2023-03-08,20:23:30,Completed,193
2768,890,155,Paneer Tikka,2024-05-05,20:03:03,Completed,852
2769,292,123,Veg Momos,2023-02-14,18:16:47,Completed,941
2770,357,117,Paneer Butter Masala,2024-06-12,12:34:46,Completed,630
2771,933,188,Pav Bhaji,2023-10-15,10:40:04,Completed,538
2772,260,61,Chole Bhature,2024-05-04,14:48:06,Completed,306
2773,540,43,Chicken Momos,2024-12-09,09:40:58,Completed,932
2774,667,114,Chicken Tikka,2023-01-23,20:12:43,Completed,156
2775,244,1,Chicken Momos,2023-02-16,10:18:22,Completed,511
2776,5,136,Caesar Salad,2024-09-05,11:02:18,Cancelled,577
2777,958,182,Burger,2024-10-27,22:46:33,Completed,855
2778,530,146,Chole Bhature,2024-08-19,10:04:53,Completed,521
2779,813,70,Idli Sambar,2023-08-14,16:14:13,Completed,638
2780,527,171,Margherita Pizza,2025-05-17,09:36:01,Pending,337
2781,682,83,Dal Makhani,2024-11-11,19:27:10,Cancelled,350
2782,275,12,Chicken Biryani,2023-05-02,09:40:00,Completed,581
2783,13,28,Hakka Noodles,2023-08-02,21:17:34,Completed,839
2784,673,64,Caesar Salad,2024-12-23,11:57:01,Completed,718
2785,991,160,Veg Momos,2025-02-16,18:56:04,Completed,196
2786,908,106,Masala Dosa,2024-01-31,14:05:32,Cancelled,547
2787,769,196,Chole Bhature,2023-12-17,21:33:11,Completed,342
2788,950,169,Paneer Tikka,2024-07-25,10:19:36,Completed,719
2789,891,19,Butter Chicken,2025-01-19,19:18:45,Completed,518
2790,228,106,Butter Chicken,2024-12-12,21:05:32,Completed,909
2791,698,139,Veg Fried Rice,2023-05-04,09:08:43,Completed,774
2792,148,105,Fish Curry,2024-06-05,22:22:03,Completed,137
2793,686,178,Paneer Tikka,2023-01-09,15:30:52,Completed,132
2794,897,198,Burger,2023-03-27,12:58:39,Completed,812
2795,561,158,Fish Curry,2025-06-30,17:33:04,Completed,656
2796,886,109,Margherita Pizza,2025-02-09,18:52:16,Completed,550
2797,9,199,Margherita Pizza,2024-07-22,18:17:30,Completed,621
2798,17,20,Chicken Biryani,2023-05-26,18:20:56,Completed,732
2799,669,57,Fish Curry,2024-06-16,09:05:14,Cancelled,398
2800,981,98,Pav Bhaji,2023-01-20,19:56:05,Completed,654
2801,656,179,Chole Bhature,2024-03-28,09:26:34,Completed,754
2802,399,114,Farmhouse Pizza,2024-03-28,18:35:54,Completed,129
2803,314,179,Chicken Momos,2024-08-17,19:35:01,Completed,895
2804,728,98,Chicken Tikka,2025-05-12,10:38:56,Completed,551
2805,633,114,Fish Curry,2023-07-15,17:42:38,Completed,446
2806,875,141,Dal Makhani,2025-01-28,20:09:00,Completed,382
2807,449,115,Idli Sambar,2024-01-20,09:41:03,Completed,559
2808,773,53,Burger,2023-10-09,22:54:33,Completed,474
2809,592,161,Fish Curry,2023-12-01,18:55:35,Completed,222
2810,300,165,Paneer Tikka,2023-10-21,11:43:59,Completed,228
2811,480,126,Butter Chicken,2025-05-27,11:15:58,Completed,561
2812,757,179,Veg Momos,2024-08-26,10:00:15,Completed,369
2813,687,32,Fish Curry,2024-02-01,11:33:38,Completed,886
2814,67,131,Masala Dosa,2025-04-01,11:38:27,Completed,336
2815,458,152,Veg Fried Rice,2025-05-27,19:30:17,Completed,634
2816,375,159,Veg Momos,2025-03-20,19:37:10,Completed,772
2817,288,119,Chicken Tikka,2024-10-17,13:09:18,Completed,727
2818,922,126,Paneer Tikka,2024-02-26,21:43:26,Completed,556
2819,265,158,Burger,2025-04-24,17:50:39,Completed,244
2820,588,54,Veg Momos,2025-06-14,22:54:31,Completed,901
2821,392,121,Hakka Noodles,2025-03-19,11:15:27,Completed,238
2822,594,195,Masala Dosa,2023-06-21,20:41:20,Completed,334
2823,257,7,Veg Biryani,2023-12-10,21:20:22,Completed,251
2824,115,61,Chicken Tikka,2024-06-19,14:34:03,Completed,356
2825,780,197,Veg Fried Rice,2025-05-21,15:34:12,Completed,718
2826,969,171,Chicken Momos,2023-07-29,13:48:13,Cancelled,127
2827,808,140,Caesar Salad,2024-02-10,19:56:54,Completed,613
2828,111,20,Farmhouse Pizza,2023-05-31,22:30:21,Completed,174
2829,871,103,Fish Curry,2025-05-13,11:29:29,Cancelled,465
2830,567,140,Margherita Pizza,2023-07-02,09:15:14,Completed,293
2831,464,53,Idli Sambar,2023-03-03,20:36:32,Completed,753
2832,900,126,Veg Biryani,2024-02-19,16:22:44,Completed,549
2833,490,53,Veg Fried Rice,2023-10-04,22:51:00,Completed,200
2834,130,21,Chicken Biryani,2023-01-13,16:20:14,Completed,687
2835,806,89,Masala Dosa,2024-08-17,21:46:23,Completed,177
2836,773,75,Chicken Tikka,2024-05-23,18:05:53,Completed,821
2837,923,79,Veg Biryani,2024-04-10,20:26:18,Completed,329
2838,727,101,Veg Momos,2023-10-17,22:01:51,Completed,607
2839,555,135,Farmhouse Pizza,2024-11-17,17:05:54,Cancelled,888
2840,406,38,Hakka Noodles,2024-01-13,21:11:33,Completed,241
2841,997,197,Fish Curry,2025-05-03,18:12:07,Completed,550
2842,373,144,Chicken Momos,2025-03-02,17:20:16,Completed,650
2843,371,113,Chicken Momos,2024-11-30,20:52:14,Completed,571
2844,99,19,Caesar Salad,2023-02-01,11:27:30,Completed,870
2845,792,9,Veg Momos,2024-11-19,16:10:10,Completed,748
2846,156,159,Masala Dosa,2023-01-31,13:05:00,Completed,793
2847,530,81,Paneer Tikka,2023-06-30,15:55:09,Completed,877
2848,538,65,Fish Curry,2024-09-28,11:00:08,Completed,712
2849,710,65,Hakka Noodles,2024-11-24,15:12:34,Completed,866
2850,11,150,Margherita Pizza,2025-06-14,11:08:41,Completed,877
2851,838,101,Pav Bhaji,2023-02-02,20:13:34,Completed,622
2852,939,6,Masala Dosa,2023-07-31,22:23:37,Completed,913
2853,374,54,Burger,2023-12-13,17:14:55,Completed,890
2854,262,188,Chicken Biryani,2025-03-29,22:54:43,Completed,559
2855,275,3,Chicken Biryani,2024-11-26,16:59:36,Completed,759
2856,333,149,Chole Bhature,2023-10-24,19:30:35,Completed,623
2857,119,101,Veg Momos,2023-11-20,20:04:02,Completed,182
2858,795,126,Margherita Pizza,2025-03-21,11:39:25,Cancelled,454
2859,181,106,Chicken Biryani,2024-09-13,16:20:49,Completed,506
2860,397,167,Chicken Biryani,2024-03-16,18:02:05,Completed,701
2861,209,70,Margherita Pizza,2024-06-03,19:26:01,Completed,938
2862,96,191,Chicken Biryani,2023-04-15,20:31:53,Cancelled,871
2863,479,115,Caesar Salad,2023-09-06,22:20:05,Completed,864
2864,495,188,Chicken Tikka,2025-05-20,21:27:41,Completed,618
2865,930,136,Veg Biryani,2024-06-29,11:12:52,Completed,127
2866,934,108,Hakka Noodles,2025-01-10,12:30:05,Completed,461
2867,256,125,Veg Momos,2024-03-27,20:50:09,Completed,901
2868,259,92,Hakka Noodles,2024-03-12,13:13:42,Completed,691
2869,265,105,Hakka Noodles,2023-08-07,20:04:31,Completed,804
2870,436,108,Fish Curry,2024-08-16,14:23:49,Completed,317
2871,579,105,Chole Bhature,2024-08-07,21:51:14,Completed,880
2872,91,47,Dal Makhani,2025-02-08,09:20:17,Completed,233
2873,964,6,Farmhouse Pizza,2024-07-06,20:19:25,Pending,149
2874,416,134,Margherita Pizza,2023-01-06,18:42:52,Completed,152
2875,289,85,Chicken Momos,2023-08-13,19:43:10,Completed,123
2876,490,96,Chole Bhature,2023-11-29,11:58:40,Completed,135
2877,602,105,Chicken Tikka,2023-05-07,21:25:56,Completed,134
2878,216,149,Dal Makhani,2023-06-16,11:57:52,Pending,750
2879,541,118,Paneer Butter Masala,2023-07-12,11:53:35,Completed,287
2880,153,61,Fish Curry,2024-04-30,19:56:01,Completed,446
2881,925,21,Pav Bhaji,2024-07-07,17:43:55,Completed,901
2882,64,149,Chole Bhature,2024-03-05,22:36:44,Completed,516
2883,817,166,Burger,2024-04-24,22:18:57,Completed,672
2884,594,45,Dal Makhani,2023-06-04,19:34:48,Pending,513
2885,101,21,Fish Curry,2024-01-24,18:34:04,Completed,516
2886,702,124,Veg Biryani,2024-08-13,20:29:55,Completed,726
2887,275,175,Fish Curry,2025-04-24,18:01:05,Completed,946
2888,655,187,Pav Bhaji,2025-04-06,20:34:55,Completed,273
2889,146,12,Veg Fried Rice,2023-08-03,18:27:06,Completed,876
2890,639,7,Chicken Biryani,2024-08-18,22:37:30,Completed,247
2891,606,21,Chicken Tikka,2024-12-12,13:33:23,Completed,514
2892,674,176,Butter Chicken,2023-08-01,14:20:47,Completed,930
2893,92,158,Farmhouse Pizza,2024-03-27,18:44:14,Completed,794
2894,65,105,Chicken Tikka,2023-12-17,13:56:36,Completed,188
2895,805,80,Butter Chicken,2023-08-03,20:14:24,Completed,486
2896,621,6,Butter Chicken,2024-12-31,21:05:26,Completed,288
2897,190,141,Masala Dosa,2023-04-09,12:49:11,Pending,913
2898,486,27,Fish Curry,2025-06-18,18:59:02,Completed,892
2899,194,110,Farmhouse Pizza,2023-02-05,18:11:37,Completed,829
2900,614,105,Pav Bhaji,2024-11-16,16:26:09,Completed,687
2901,5,71,Paneer Tikka,2024-03-26,16:49:33,Completed,705
2902,194,89,Chicken Tikka,2023-12-22,18:06:29,Completed,621
2903,542,30,Hakka Noodles,2024-06-29,14:11:35,Completed,383
2904,665,23,Farmhouse Pizza,2023-05-29,13:46:36,Completed,606
2905,322,74,Veg Fried Rice,2023-06-01,22:39:00,Completed,757
2906,175,121,Idli Sambar,2025-03-15,18:34:15,Completed,719
2907,64,171,Butter Chicken,2024-08-12,11:13:31,Completed,480
2908,443,193,Masala Dosa,2025-01-24,11:58:14,Completed,199
2909,476,53,Dal Makhani,2025-05-24,09:21:09,Pending,179
2910,440,113,Dal Makhani,2025-02-18,17:25:59,Pending,248
2911,334,185,Farmhouse Pizza,2024-12-12,17:25:01,Pending,443
2912,319,59,Chicken Biryani,2023-04-14,21:51:15,Completed,576
2913,549,135,Masala Dosa,2024-07-25,21:31:37,Completed,404
2914,993,28,Chicken Biryani,2025-03-23,16:53:44,Completed,839
2915,797,108,Margherita Pizza,2025-04-02,10:35:45,Completed,174
2916,792,191,Veg Fried Rice,2024-07-07,19:29:32,Completed,235
2917,288,126,Margherita Pizza,2024-07-12,13:27:08,Cancelled,638
2918,809,27,Margherita Pizza,2025-06-06,15:50:25,Completed,932
2919,474,131,Hakka Noodles,2024-04-23,10:44:56,Completed,741
2920,725,138,Paneer Tikka,2025-05-25,16:04:17,Completed,930
2921,801,181,Paneer Butter Masala,2024-04-22,19:10:11,Completed,151
2922,520,93,Chicken Tikka,2024-08-06,14:05:42,Completed,309
2923,437,102,Hakka Noodles,2024-08-26,13:00:49,Completed,732
2924,335,39,Burger,2025-02-12,21:13:45,Completed,509
2925,163,98,Masala Dosa,2024-08-20,20:51:11,Completed,876
2926,495,19,Margherita Pizza,2023-06-03,17:53:14,Completed,680
2927,921,32,Chicken Tikka,2023-12-29,20:34:45,Completed,453
2928,859,187,Farmhouse Pizza,2025-05-18,18:07:06,Completed,878
2929,603,114,Chole Bhature,2023-11-19,22:28:08,Completed,139
2930,86,58,Veg Biryani,2025-05-17,18:52:05,Completed,436
2931,658,117,Chole Bhature,2024-11-09,20:07:57,Completed,412
2932,519,13,Veg Fried Rice,2023-09-21,09:13:54,Completed,341
2933,37,130,Paneer Tikka,2024-05-01,20:10:01,Completed,659
2934,311,179,Paneer Butter Masala,2025-05-02,21:17:09,Cancelled,747
2935,461,38,Veg Momos,2023-04-10,22:06:55,Completed,342
2936,655,91,Dal Makhani,2023-11-17,18:47:10,Completed,383
2937,993,49,Paneer Tikka,2024-04-13,16:20:33,Completed,428
2938,248,104,Burger,2024-08-08,19:12:31,Completed,405
2939,307,5,Chicken Tikka,2023-07-19,12:59:09,Completed,853
2940,219,70,Masala Dosa,2023-07-18,15:52:20,Cancelled,479
2941,549,66,Veg Fried Rice,2023-04-18,10:13:07,Cancelled,445
2942,463,152,Veg Biryani,2025-01-19,18:35:30,Completed,460
2943,68,84,Masala Dosa,2025-04-11,12:44:39,Completed,679
2944,705,144,Chole Bhature,2025-03-31,16:35:07,Completed,505
2945,647,66,Chicken Momos,2025-02-26,20:31:27,Completed,767
2946,799,147,Caesar Salad,2023-06-11,20:12:53,Completed,904
2947,647,6,Chicken Biryani,2025-01-23,15:54:47,Completed,501
2948,443,16,Butter Chicken,2023-02-06,14:13:33,Completed,457
2949,659,31,Dal Makhani,2025-04-24,09:59:02,Cancelled,740
2950,724,95,Butter Chicken,2023-03-27,09:50:55,Completed,637
2951,54,153,Chole Bhature,2025-02-13,18:48:29,Cancelled,403
2952,162,118,Chicken Biryani,2024-10-22,18:25:08,Completed,606
2953,74,81,Fish Curry,2025-03-29,19:32:24,Completed,313
2954,196,10,Masala Dosa,2023-07-05,18:29:58,Pending,284
2955,564,95,Farmhouse Pizza,2025-04-16,21:57:38,Completed,746
2956,566,170,Chicken Biryani,2023-12-30,18:56:27,Completed,714
2957,811,72,Margherita Pizza,2023-02-26,16:31:30,Completed,338
2958,35,52,Butter Chicken,2025-02-09,10:57:42,Completed,537
2959,120,154,Butter Chicken,2025-04-02,18:28:29,Completed,297
2960,311,118,Fish Curry,2023-11-14,22:24:47,Completed,686
2961,373,172,Paneer Butter Masala,2024-06-17,12:04:08,Completed,434
2962,786,190,Chole Bhature,2023-03-05,19:22:57,Completed,836
2963,486,112,Dal Makhani,2024-01-31,19:05:13,Completed,736
2964,208,181,Chicken Biryani,2023-10-19,09:05:11,Completed,358
2965,990,136,Dal Makhani,2024-10-13,22:50:52,Pending,810
2966,977,87,Chicken Tikka,2024-11-19,12:20:32,Completed,786
2967,91,73,Paneer Butter Masala,2024-09-29,11:13:02,Completed,784
2968,254,14,Veg Fried Rice,2023-03-04,20:17:34,Completed,176
2969,655,7,Dal Makhani,2024-02-27,10:35:22,Completed,424
2970,533,185,Margherita Pizza,2023-05-05,11:19:45,Completed,685
2971,819,81,Idli Sambar,2023-10-05,22:44:29,Completed,187
2972,530,37,Chicken Momos,2024-05-05,22:40:07,Completed,837
2973,564,56,Caesar Salad,2025-05-03,09:16:04,Completed,197
2974,712,184,Fish Curry,2025-06-03,19:48:58,Completed,406
2975,958,183,Chicken Tikka,2025-06-13,17:34:18,Completed,245
2976,636,70,Farmhouse Pizza,2025-06-15,21:28:58,Completed,123
2977,108,198,Idli Sambar,2024-10-07,14:54:05,Completed,900
2978,38,97,Veg Momos,2025-01-14,17:31:12,Completed,200
2979,529,76,Chicken Tikka,2025-06-07,09:33:09,Completed,442
2980,95,160,Paneer Butter Masala,2024-09-21,20:06:21,Completed,797
2981,833,4,Paneer Tikka,2023-02-08,22:14:13,Cancelled,810
2982,182,12,Idli Sambar,2025-02-25,09:40:38,Completed,837
2983,571,136,Pav Bhaji,2025-05-23,22:12:21,Cancelled,845
2984,417,69,Veg Biryani,2025-06-01,18:22:30,Completed,327
2985,497,4,Idli Sambar,2023-05-22,15:40:39,Completed,806
2986,418,162,Farmhouse Pizza,2023-09-25,21:58:59,Completed,710
2987,946,53,Veg Fried Rice,2025-05-05,12:37:16,Completed,323
2988,115,35,Chicken Biryani,2025-02-15,16:13:15,Completed,794
2989,382,127,Caesar Salad,2024-09-17,21:18:38,Completed,469
2990,61,114,Chicken Biryani,2024-06-26,16:34:45,Completed,366
2991,455,3,Chicken Momos,2024-10-13,14:13:21,Cancelled,434
2992,542,153,Chicken Biryani,2024-08-04,15:09:22,Completed,411
2993,305,65,Burger,2023-10-22,21:04:55,Completed,190
2994,340,67,Chole Bhature,2023-12-04,11:22:43,Completed,608
2995,780,24,Veg Momos,2024-07-29,17:09:41,Completed,186
2996,45,145,Chicken Tikka,2023-02-20,21:15:10,Completed,378
2997,523,176,Chole Bhature,2025-02-01,21:08:38,Completed,497
2998,580,133,Masala Dosa,2025-06-18,19:49:55,Completed,619
2999,812,150,Chole Bhature,2023-10-14,14:15:19,Completed,567
3000,15,69,Pav Bhaji,2023-09-24,10:01:44,Completed,874
3001,770,114,Veg Biryani,2024-12-15,09:48:37,Completed,418
3002,89,80,Veg Biryani,2025-06-07,14:32:31,Completed,204
3003,622,131,Burger,2023-06-11,19:25:55,Completed,440
3004,375,63,Chicken Momos,2023-07-11,13:51:50,Completed,774
3005,399,102,Margherita Pizza,2023-08-01,20:08:48,Completed,421
3006,751,96,Dal Makhani,2024-09-27,21:15:06,Completed,140
3007,117,148,Dal Makhani,2023-09-10,10:16:14,Pending,739
3008,629,180,Chicken Momos,2024-08-01,10:23:42,Completed,944
3009,456,40,Chicken Momos,2023-09-06,21:28:59,Cancelled,380
3010,988,80,Butter Chicken,2024-03-28,21:45:54,Completed,532
3011,54,79,Veg Biryani,2024-06-28,11:05:14,Pending,183
3012,768,186,Veg Momos,2023-06-28,12:49:29,Completed,606
3013,250,92,Chicken Tikka,2024-03-21,20:43:43,Completed,713
3014,86,11,Fish Curry,2023-02-08,21:34:16,Completed,898
3015,947,90,Margherita Pizza,2024-12-28,14:18:43,Completed,788
3016,75,130,Fish Curry,2024-09-23,20:56:09,Completed,331
3017,284,117,Caesar Salad,2023-07-05,21:26:26,Completed,339
3018,390,198,Burger,2025-06-30,19:48:40,Completed,139
3019,340,178,Margherita Pizza,2025-01-06,19:33:14,Completed,877
3020,238,186,Farmhouse Pizza,2023-08-04,17:41:42,Completed,215
3021,222,44,Butter Chicken,2023-06-27,10:12:00,Cancelled,184
3022,470,164,Paneer Butter Masala,2024-05-15,15:29:21,Completed,919
3023,927,53,Veg Momos,2024-07-21,17:12:29,Completed,226
3024,91,20,Fish Curry,2024-07-21,18:48:05,Completed,149
3025,579,171,Paneer Tikka,2025-04-07,17:26:15,Completed,133
3026,957,57,Hakka Noodles,2024-01-03,22:10:58,Pending,591
3027,861,141,Chole Bhature,2024-01-12,20:41:30,Completed,431
3028,77,197,Butter Chicken,2023-08-19,18:13:57,Completed,150
3029,264,51,Chicken Tikka,2023-11-02,21:04:55,Cancelled,526
3030,564,160,Masala Dosa,2024-08-02,16:10:16,Cancelled,604
3031,387,195,Chole Bhature,2024-09-14,16:49:46,Completed,307
3032,190,189,Chicken Tikka,2025-01-26,09:42:07,Completed,433
3033,19,97,Caesar Salad,2025-06-05,20:26:58,Completed,347
3034,66,3,Veg Momos,2023-02-14,11:56:01,Completed,726
3035,980,34,Paneer Tikka,2025-03-29,09:51:33,Completed,605
3036,661,74,Hakka Noodles,2024-06-20,14:47:55,Completed,627
3037,922,157,Idli Sambar,2024-11-26,13:43:03,Completed,543
3038,829,64,Masala Dosa,2024-11-14,14:49:50,Completed,865
3039,929,7,Paneer Tikka,2023-06-22,14:41:31,Completed,881
3040,345,88,Burger,2023-02-27,21:06:30,Completed,556
3041,532,99,Burger,2023-12-11,13:54:47,Completed,811
3042,504,190,Veg Fried Rice,2025-05-19,15:10:01,Completed,205
3043,784,28,Veg Momos,2025-05-30,13:04:54,Completed,133
3044,749,104,Burger,2023-10-24,17:18:21,Completed,784
3045,993,89,Pav Bhaji,2023-07-26,20:45:24,Pending,868
3046,979,79,Chicken Momos,2024-12-05,09:20:07,Pending,763
3047,561,142,Veg Momos,2023-08-30,11:23:21,Completed,893
3048,38,149,Paneer Tikka,2024-09-05,22:01:59,Completed,640
3049,93,22,Veg Biryani,2023-11-10,16:49:55,Completed,456
3050,416,179,Paneer Butter Masala,2023-09-16,11:16:49,Completed,707
3051,448,180,Burger,2023-05-13,17:38:07,Completed,621
3052,118,128,Veg Biryani,2024-07-21,16:27:30,Completed,579
3053,190,108,Chole Bhature,2025-04-04,15:41:03,Completed,868
3054,680,191,Paneer Butter Masala,2024-02-13,15:52:56,Completed,404
3055,335,64,Farmhouse Pizza,2024-02-28,17:34:40,Completed,565
3056,843,51,Veg Momos,2024-02-02,18:10:08,Completed,424
3057,94,46,Burger,2025-01-06,15:10:07,Completed,495
3058,492,42,Margherita Pizza,2023-05-31,11:58:38,Completed,795
3059,473,59,Caesar Salad,2023-02-11,13:54:46,Completed,674
3060,457,176,Butter Chicken,2025-04-10,18:41:04,Completed,472
3061,428,74,Veg Momos,2023-10-30,12:09:14,Completed,241
3062,404,23,Masala Dosa,2024-06-27,21:21:24,Completed,259
3063,703,61,Fish Curry,2024-03-29,20:12:37,Completed,188
3064,305,55,Chicken Momos,2025-03-14,22:48:05,Cancelled,719
3065,566,110,Dal Makhani,2023-10-14,13:42:58,Completed,437
3066,511,177,Veg Fried Rice,2024-08-30,10:43:02,Completed,807
3067,819,143,Pav Bhaji,2023-07-28,17:27:55,Completed,526
3068,327,106,Margherita Pizza,2024-01-30,13:44:01,Completed,399
3069,304,121,Veg Momos,2025-04-16,21:26:23,Cancelled,217
3070,860,115,Butter Chicken,2023-12-28,16:42:00,Completed,882
3071,385,76,Farmhouse Pizza,2025-01-30,11:17:46,Completed,645
3072,494,91,Chicken Momos,2024-03-02,21:31:52,Completed,404
3073,786,120,Fish Curry,2025-01-19,14:45:20,Completed,122
3074,863,52,Paneer Tikka,2023-02-27,16:21:46,Completed,199
3075,886,11,Hakka Noodles,2023-04-14,17:44:13,Cancelled,549
3076,632,35,Margherita Pizza,2025-06-25,13:03:50,Pending,392
3077,660,120,Chicken Momos,2024-04-02,11:15:09,Completed,859
3078,308,40,Chicken Momos,2023-06-07,11:34:33,Completed,372
3079,862,139,Veg Biryani,2024-04-14,20:17:48,Completed,572
3080,652,124,Burger,2024-07-07,09:23:51,Completed,212
3081,475,128,Hakka Noodles,2024-03-29,09:58:04,Completed,730
3082,819,148,Idli Sambar,2024-12-19,12:48:39,Completed,579
3083,751,106,Chicken Biryani,2025-05-02,17:34:48,Cancelled,752
3084,96,120,Veg Biryani,2025-04-28,13:42:10,Completed,328
3085,347,124,Hakka Noodles,2024-03-29,14:52:19,Completed,837
3086,995,152,Fish Curry,2023-03-25,21:31:35,Completed,839
3087,623,7,Chicken Momos,2023-06-15,13:16:52,Completed,649
3088,839,149,Chicken Biryani,2023-11-22,12:31:08,Completed,714
3089,656,171,Caesar Salad,2023-03-12,15:58:06,Pending,388
3090,915,158,Chole Bhature,2025-03-30,14:13:44,Completed,352
3091,67,63,Veg Momos,2023-08-05,19:26:43,Completed,309
3092,86,111,Dal Makhani,2025-03-04,16:32:58,Completed,284
3093,463,64,Idli Sambar,2024-12-22,14:15:21,Completed,436
3094,737,22,Burger,2023-02-20,20:54:57,Completed,851
3095,493,52,Chole Bhature,2024-03-23,10:53:18,Completed,264
3096,209,39,Paneer Butter Masala,2024-12-02,11:57:48,Completed,265
3097,217,193,Burger,2024-03-18,19:38:12,Completed,667
3098,674,35,Chole Bhature,2023-07-21,17:44:26,Completed,161
3099,82,49,Veg Momos,2023-10-02,22:19:33,Completed,121
3100,959,67,Dal Makhani,2023-02-23,15:17:49,Completed,740
3101,657,167,Farmhouse Pizza,2024-12-22,12:54:16,Completed,869
3102,333,84,Hakka Noodles,2024-01-07,11:11:25,Completed,363
3103,545,143,Veg Fried Rice,2025-02-12,11:52:41,Completed,125
3104,295,99,Veg Momos,2024-09-20,11:17:51,Completed,645
3105,884,13,Veg Momos,2025-05-19,15:16:19,Completed,128
3106,434,182,Paneer Butter Masala,2025-02-07,11:52:11,Completed,522
3107,233,72,Veg Biryani,2024-01-02,12:39:55,Completed,493
3108,365,18,Chicken Momos,2023-04-12,14:52:46,Completed,817
3109,770,168,Paneer Tikka,2023-10-19,19:54:23,Completed,628
3110,804,42,Chicken Tikka,2024-10-02,14:51:12,Completed,451
3111,29,25,Masala Dosa,2023-05-10,22:28:26,Completed,309
3112,869,138,Farmhouse Pizza,2024-12-11,17:28:53,Completed,336
3113,63,186,Fish Curry,2023-10-12,15:52:28,Completed,239
3114,121,126,Idli Sambar,2023-06-17,20:12:50,Completed,264
3115,233,67,Chole Bhature,2023-12-20,20:45:37,Completed,418
3116,189,127,Butter Chicken,2023-11-01,12:04:19,Completed,349
3117,783,33,Veg Biryani,2024-01-20,16:23:12,Completed,184
3118,765,154,Hakka Noodles,2023-01-06,15:06:49,Completed,750
3119,77,63,Veg Fried Rice,2025-05-09,10:38:16,Completed,801
3120,452,118,Paneer Butter Masala,2024-11-30,16:19:49,Completed,616
3121,178,20,Pav Bhaji,2025-02-05,21:55:52,Completed,943
3122,521,168,Burger,2023-08-01,21:31:09,Completed,670
3123,555,150,Idli Sambar,2025-05-18,14:51:48,Completed,564
3124,709,98,Veg Fried Rice,2023-10-19,20:40:08,Pending,773
3125,672,151,Veg Biryani,2025-05-25,09:14:02,Pending,514
3126,279,29,Burger,2023-05-13,13:25:36,Completed,398
3127,224,31,Butter Chicken,2024-02-23,21:32:23,Completed,351
3128,633,152,Paneer Butter Masala,2023-10-28,22:31:13,Completed,602
3129,757,40,Veg Momos,2025-04-30,19:07:23,Completed,849
3130,153,126,Idli Sambar,2024-09-03,21:49:06,Completed,328
3131,526,17,Fish Curry,2023-11-25,21:07:47,Pending,172
3132,180,104,Pav Bhaji,2024-09-04,15:45:16,Completed,724
3133,226,4,Chicken Momos,2025-06-09,09:37:24,Cancelled,586
3134,43,68,Caesar Salad,2025-04-18,21:03:22,Completed,599
3135,186,169,Chole Bhature,2024-12-21,13:27:16,Completed,263
3136,760,188,Chole Bhature,2025-02-21,17:30:04,Completed,349
3137,103,118,Chole Bhature,2023-03-10,17:53:01,Completed,895
3138,216,142,Veg Momos,2024-05-27,22:11:14,Completed,354
3139,998,20,Pav Bhaji,2023-12-27,11:19:05,Completed,608
3140,393,176,Dal Makhani,2023-01-12,21:11:14,Completed,940
3141,736,200,Masala Dosa,2025-06-18,21:59:17,Completed,246
3142,824,121,Hakka Noodles,2025-06-15,14:06:24,Completed,628
3143,565,45,Idli Sambar,2025-01-15,15:53:02,Cancelled,733
3144,244,158,Pav Bhaji,2024-09-05,22:30:18,Completed,185
3145,376,51,Chicken Tikka,2025-03-25,15:24:48,Completed,394
3146,26,155,Butter Chicken,2024-11-09,12:47:24,Cancelled,449
3147,760,196,Margherita Pizza,2024-03-24,16:16:00,Completed,418
3148,601,94,Chicken Biryani,2024-11-30,21:18:28,Completed,847
3149,479,101,Veg Fried Rice,2024-03-17,15:52:18,Completed,434
3150,3,119,Dal Makhani,2024-08-16,16:21:56,Completed,825
3151,582,78,Chole Bhature,2024-08-21,09:48:18,Completed,130
3152,811,61,Chicken Biryani,2023-03-27,12:24:36,Completed,431
3153,65,142,Pav Bhaji,2023-07-31,19:08:00,Completed,160
3154,841,178,Dal Makhani,2024-09-26,17:34:25,Completed,259
3155,842,100,Fish Curry,2023-12-06,16:32:38,Completed,399
3156,689,182,Paneer Tikka,2025-02-25,18:38:05,Completed,247
3157,517,12,Hakka Noodles,2025-03-31,10:14:26,Completed,295
3158,936,91,Veg Fried Rice,2024-01-21,11:09:10,Completed,477
3159,624,36,Veg Fried Rice,2024-07-14,21:05:59,Completed,522
3160,613,114,Chicken Biryani,2024-04-05,12:43:55,Completed,856
3161,803,11,Farmhouse Pizza,2024-02-17,18:38:19,Completed,220
3162,650,107,Idli Sambar,2023-06-09,18:48:36,Completed,138
3163,239,33,Farmhouse Pizza,2024-01-03,13:32:05,Completed,219
3164,413,33,Veg Fried Rice,2024-11-08,15:35:31,Pending,667
3165,948,118,Margherita Pizza,2024-11-21,12:23:21,Completed,248
3166,3,197,Chicken Tikka,2023-09-12,13:26:53,Completed,263
3167,900,100,Pav Bhaji,2024-05-24,10:36:18,Pending,716
3168,232,83,Chicken Momos,2023-10-22,11:29:38,Completed,299
3169,757,4,Paneer Butter Masala,2023-10-19,18:31:50,Completed,641
3170,328,18,Veg Biryani,2023-05-11,15:30:13,Completed,712
3171,143,197,Veg Biryani,2024-12-30,15:20:23,Completed,294
3172,139,139,Hakka Noodles,2024-07-10,13:11:50,Completed,672
3173,225,161,Chicken Momos,2023-07-03,20:33:12,Completed,358
3174,991,113,Veg Momos,2024-05-09,11:46:16,Completed,216
3175,283,87,Farmhouse Pizza,2025-04-04,09:32:25,Completed,381
3176,34,103,Veg Momos,2024-07-26,16:10:27,Completed,333
3177,624,77,Idli Sambar,2023-04-19,11:23:47,Completed,669
3178,832,70,Paneer Tikka,2024-12-06,22:01:29,Completed,625
3179,598,34,Chicken Biryani,2025-06-14,15:29:01,Completed,536
3180,940,95,Veg Biryani,2023-07-10,14:44:17,Completed,918
3181,140,62,Hakka Noodles,2023-01-09,12:36:01,Pending,514
3182,429,4,Idli Sambar,2024-01-24,18:41:55,Completed,172
3183,629,17,Caesar Salad,2023-09-01,20:41:22,Cancelled,245
3184,242,71,Paneer Butter Masala,2025-01-19,09:19:40,Completed,151
3185,650,112,Paneer Butter Masala,2023-03-20,17:09:31,Completed,816
3186,930,93,Chole Bhature,2023-05-21,19:52:00,Completed,576
3187,936,147,Chicken Tikka,2023-03-04,14:04:38,Completed,832
3188,360,20,Veg Fried Rice,2023-09-04,13:35:08,Completed,654
3189,689,135,Chicken Tikka,2024-09-01,14:12:51,Completed,784
3190,730,152,Fish Curry,2025-02-03,09:35:23,Pending,259
3191,5,25,Chicken Momos,2023-01-20,11:04:17,Completed,311
3192,977,36,Veg Momos,2023-06-05,14:47:47,Completed,161
3193,870,167,Chicken Momos,2025-02-26,15:27:21,Completed,769
3194,14,38,Burger,2025-03-02,09:47:04,Completed,453
3195,590,172,Paneer Butter Masala,2023-12-20,14:40:58,Completed,468
3196,153,80,Idli Sambar,2024-06-10,20:01:52,Completed,744
3197,32,60,Veg Momos,2024-02-07,09:16:35,Completed,903
3198,86,130,Veg Fried Rice,2024-03-18,22:20:32,Completed,879
3199,498,94,Chicken Tikka,2025-05-13,13:37:33,Completed,664
3200,327,18,Caesar Salad,2023-05-18,09:11:04,Completed,864
3201,721,160,Chicken Tikka,2023-11-05,17:14:39,Completed,127
3202,812,45,Butter Chicken,2023-09-16,21:03:59,Completed,467
3203,357,40,Chole Bhature,2023-11-24,18:17:15,Completed,284
3204,577,50,Chole Bhature,2023-10-14,17:55:26,Completed,124
3205,132,199,Hakka Noodles,2023-12-29,13:34:28,Completed,416
3206,417,142,Chicken Biryani,2023-10-10,12:12:23,Completed,925
3207,594,198,Farmhouse Pizza,2024-03-25,19:28:00,Cancelled,277
3208,7,33,Chicken Momos,2024-02-07,13:02:58,Completed,280
3209,231,198,Paneer Tikka,2025-05-23,11:19:09,Completed,332
3210,909,105,Veg Fried Rice,2023-04-21,21:40:01,Completed,699
3211,923,185,Fish Curry,2025-05-05,19:02:52,Completed,579
3212,709,2,Idli Sambar,2024-07-20,20:42:06,Completed,769
3213,455,126,Margherita Pizza,2023-10-15,09:05:03,Completed,413
3214,96,145,Hakka Noodles,2023-06-09,19:37:44,Completed,862
3215,522,174,Margherita Pizza,2023-10-12,11:03:38,Cancelled,285
3216,317,129,Idli Sambar,2024-09-06,17:42:46,Completed,606
3217,878,194,Pav Bhaji,2023-04-06,18:13:58,Completed,276
3218,696,28,Paneer Butter Masala,2025-05-02,11:13:34,Completed,705
3219,210,167,Fish Curry,2025-04-24,14:39:03,Completed,752
3220,187,48,Burger,2023-10-07,14:12:41,Cancelled,820
3221,425,62,Caesar Salad,2025-04-19,10:19:08,Completed,671
3222,436,159,Chicken Tikka,2023-05-24,10:55:09,Completed,521
3223,146,153,Caesar Salad,2025-01-29,19:15:19,Completed,186
3224,874,30,Fish Curry,2024-09-28,12:56:53,Pending,924
3225,888,9,Veg Fried Rice,2023-01-09,10:09:12,Completed,376
3226,18,115,Farmhouse Pizza,2023-10-08,15:28:14,Completed,930
3227,630,12,Veg Fried Rice,2023-09-08,16:29:44,Completed,149
3228,324,91,Caesar Salad,2024-05-05,17:15:05,Completed,930
3229,61,5,Idli Sambar,2023-09-13,15:19:06,Completed,799
3230,136,154,Idli Sambar,2023-01-12,17:55:55,Completed,162
3231,178,36,Chole Bhature,2023-01-26,22:49:49,Completed,176
3232,715,125,Fish Curry,2024-08-18,18:08:41,Completed,135
3233,772,94,Veg Fried Rice,2023-11-12,18:36:22,Completed,566
3234,366,182,Caesar Salad,2024-11-04,15:13:23,Completed,508
3235,378,180,Burger,2024-07-11,20:58:00,Completed,363
3236,56,161,Chicken Momos,2023-10-14,18:01:31,Completed,586
3237,925,161,Veg Momos,2023-06-28,13:32:32,Completed,591
3238,899,200,Margherita Pizza,2025-03-19,22:26:21,Completed,426
3239,466,129,Veg Biryani,2024-07-30,22:35:32,Completed,826
3240,142,4,Farmhouse Pizza,2024-02-04,12:13:13,Completed,498
3241,891,80,Fish Curry,2023-04-27,22:54:03,Cancelled,913
3242,723,136,Chicken Tikka,2023-09-04,11:36:34,Completed,590
3243,395,190,Dal Makhani,2024-11-26,14:26:56,Completed,406
3244,965,176,Butter Chicken,2023-07-18,11:18:29,Completed,460
3245,453,30,Margherita Pizza,2023-11-26,11:35:29,Completed,290
3246,741,18,Burger,2024-11-19,14:07:15,Completed,159
3247,477,151,Veg Momos,2024-04-25,12:45:24,Completed,559
3248,918,147,Idli Sambar,2024-08-21,15:54:12,Cancelled,813
3249,812,129,Paneer Butter Masala,2025-04-16,10:46:32,Cancelled,185
3250,841,177,Chicken Tikka,2024-05-26,12:51:20,Completed,835
3251,837,2,Paneer Tikka,2024-05-15,10:35:15,Completed,447
3252,709,46,Idli Sambar,2023-07-28,14:15:35,Completed,231
3253,501,181,Idli Sambar,2024-05-22,09:18:04,Completed,267
3254,490,173,Farmhouse Pizza,2024-07-30,14:34:31,Completed,629
3255,763,36,Margherita Pizza,2024-07-25,14:54:23,Completed,417
3256,799,21,Hakka Noodles,2023-09-04,09:23:48,Completed,755
3257,728,117,Chole Bhature,2023-01-08,11:46:54,Completed,889
3258,352,66,Chicken Biryani,2025-01-15,19:30:05,Cancelled,621
3259,121,3,Veg Fried Rice,2024-03-03,13:03:20,Completed,928
3260,444,102,Masala Dosa,2024-05-25,22:39:21,Completed,176
3261,860,186,Veg Biryani,2023-08-21,19:51:35,Completed,800
3262,503,160,Veg Fried Rice,2024-07-17,10:35:15,Completed,441
3263,688,111,Margherita Pizza,2023-01-20,22:42:55,Completed,233
3264,516,175,Butter Chicken,2023-09-19,14:28:40,Cancelled,209
3265,604,1,Veg Momos,2024-12-01,14:28:55,Completed,912
3266,731,11,Veg Fried Rice,2024-01-03,12:58:33,Completed,697
3267,405,108,Chicken Tikka,2023-11-16,18:32:26,Completed,741
3268,517,12,Caesar Salad,2023-04-26,17:55:31,Completed,770
3269,982,126,Veg Momos,2023-10-16,19:33:35,Completed,932
3270,548,60,Margherita Pizza,2024-07-01,17:56:13,Completed,779
3271,825,155,Caesar Salad,2024-07-04,14:52:40,Completed,170
3272,825,16,Chole Bhature,2024-12-15,12:15:26,Completed,128
3273,916,194,Butter Chicken,2023-03-07,14:28:04,Completed,138
3274,611,169,Idli Sambar,2024-11-12,19:58:10,Completed,369
3275,839,23,Dal Makhani,2023-02-06,16:03:32,Completed,815
3276,155,98,Butter Chicken,2024-04-07,16:06:38,Completed,211
3277,5,71,Pav Bhaji,2024-12-21,10:59:47,Completed,729
3278,789,197,Farmhouse Pizza,2024-03-03,18:16:37,Completed,566
3279,391,28,Chole Bhature,2025-02-12,18:43:25,Completed,308
3280,979,26,Chole Bhature,2025-01-31,13:58:36,Completed,306
3281,834,17,Paneer Tikka,2024-12-28,12:49:40,Completed,825
3282,17,147,Paneer Tikka,2024-09-18,17:53:19,Completed,834
3283,374,99,Farmhouse Pizza,2025-02-23,19:50:48,Completed,837
3284,762,69,Chicken Momos,2025-02-21,19:44:56,Completed,338
3285,476,142,Chicken Biryani,2023-04-25,21:38:35,Completed,123
3286,883,90,Hakka Noodles,2024-03-29,18:37:41,Completed,799
3287,823,19,Caesar Salad,2023-03-07,17:07:06,Completed,160
3288,33,36,Paneer Tikka,2023-01-04,17:02:31,Cancelled,335
3289,793,176,Paneer Butter Masala,2023-04-28,19:14:49,Completed,202
3290,622,159,Dal Makhani,2025-06-30,18:38:02,Completed,207
3291,595,194,Pav Bhaji,2025-01-08,16:15:59,Completed,305
3292,356,161,Veg Biryani,2025-05-04,22:26:15,Cancelled,320
3293,169,92,Idli Sambar,2023-12-31,18:43:59,Completed,262
3294,295,91,Idli Sambar,2023-06-11,13:46:14,Completed,635
3295,604,67,Burger,2024-07-16,15:36:10,Completed,451
3296,872,113,Caesar Salad,2023-10-22,12:34:08,Completed,299
3297,820,195,Dal Makhani,2024-06-12,20:33:39,Completed,265
3298,182,18,Pav Bhaji,2023-08-01,10:57:21,Completed,702
3299,86,182,Chicken Biryani,2024-03-11,15:45:06,Completed,566
3300,753,117,Hakka Noodles,2025-05-18,17:59:00,Completed,903
3301,911,179,Fish Curry,2023-10-02,17:47:32,Completed,305
3302,549,4,Idli Sambar,2024-10-21,19:52:18,Completed,908
3303,357,58,Butter Chicken,2024-09-26,15:42:29,Pending,268
3304,899,80,Idli Sambar,2025-06-19,20:04:04,Completed,942
3305,191,37,Butter Chicken,2024-02-09,19:44:56,Cancelled,384
3306,962,195,Chole Bhature,2023-05-07,20:12:41,Completed,577
3307,381,62,Fish Curry,2024-09-19,16:42:05,Completed,793
3308,725,111,Idli Sambar,2023-03-02,13:24:31,Completed,783
3309,326,90,Chicken Tikka,2023-09-26,16:27:01,Completed,634
3310,788,137,Pav Bhaji,2024-04-24,21:31:55,Completed,390
3311,337,20,Burger,2025-01-29,12:44:37,Completed,921
3312,884,170,Masala Dosa,2025-01-17,19:12:38,Completed,664
3313,154,187,Paneer Butter Masala,2024-09-22,20:00:54,Completed,793
3314,209,181,Farmhouse Pizza,2024-03-24,17:04:19,Completed,865
3315,140,30,Paneer Tikka,2023-04-12,09:33:55,Completed,609
3316,289,199,Caesar Salad,2024-05-21,09:25:40,Completed,775
3317,870,38,Idli Sambar,2024-10-05,18:24:19,Pending,416
3318,903,52,Veg Momos,2023-11-03,09:17:02,Completed,253
3319,506,122,Margherita Pizza,2023-11-22,21:21:47,Completed,785
3320,84,74,Margherita Pizza,2023-01-19,09:52:36,Cancelled,856
3321,749,8,Dal Makhani,2025-05-11,17:34:39,Completed,816
3322,15,98,Paneer Tikka,2024-12-27,09:14:16,Completed,596
3323,633,139,Veg Fried Rice,2025-03-15,11:06:56,Completed,898
3324,370,32,Chicken Biryani,2025-03-22,13:06:01,Cancelled,775
3325,918,6,Fish Curry,2025-01-08,16:27:59,Completed,478
3326,441,166,Chole Bhature,2023-07-09,10:14:27,Completed,367
3327,728,57,Paneer Tikka,2023-07-24,11:51:02,Pending,280
3328,438,96,Dal Makhani,2023-11-11,18:12:13,Completed,815
3329,164,195,Idli Sambar,2024-03-26,18:28:25,Completed,495
3330,43,134,Chicken Biryani,2024-10-04,21:02:12,Completed,366
3331,145,143,Paneer Tikka,2023-11-14,12:45:39,Completed,880
3332,527,157,Chicken Biryani,2023-09-24,19:58:40,Completed,306
3333,169,160,Chicken Tikka,2025-03-11,13:23:31,Pending,343
3334,467,31,Hakka Noodles,2023-08-29,16:51:17,Completed,799
3335,59,34,Idli Sambar,2023-01-30,10:54:34,Cancelled,365
3336,729,118,Masala Dosa,2025-04-30,19:29:11,Completed,436
3337,493,134,Chicken Biryani,2023-05-31,15:12:36,Pending,584
3338,52,79,Masala Dosa,2023-03-20,21:17:46,Completed,922
3339,876,185,Chicken Biryani,2023-03-20,09:31:27,Completed,560
3340,669,193,Masala Dosa,2024-03-01,21:04:55,Completed,347
3341,270,119,Dal Makhani,2023-11-13,11:36:41,Completed,755
3342,576,146,Farmhouse Pizza,2023-04-05,15:31:16,Completed,461
3343,618,1,Fish Curry,2024-06-19,15:48:10,Completed,373
3344,18,114,Paneer Butter Masala,2023-07-19,14:37:14,Completed,641
3345,465,58,Pav Bhaji,2023-01-11,22:12:33,Completed,559
3346,277,12,Veg Momos,2024-04-06,20:57:46,Completed,908
3347,213,69,Butter Chicken,2024-12-09,09:30:43,Pending,554
3348,277,22,Idli Sambar,2024-12-28,20:59:44,Completed,792
3349,520,7,Chicken Biryani,2023-02-25,16:36:39,Completed,394
3350,312,67,Chicken Tikka,2024-04-30,11:44:28,Completed,654
3351,770,28,Hakka Noodles,2023-03-22,09:58:58,Completed,280
3352,743,165,Hakka Noodles,2024-05-31,11:34:20,Completed,655
3353,265,101,Farmhouse Pizza,2023-09-18,09:13:52,Completed,131
3354,110,179,Burger,2024-11-23,13:52:25,Completed,526
3355,621,137,Chole Bhature,2023-12-13,17:16:18,Completed,420
3356,333,17,Paneer Tikka,2023-02-13,18:32:34,Cancelled,293
3357,599,87,Chole Bhature,2023-02-16,18:12:29,Completed,384
3358,875,71,Veg Biryani,2024-11-24,12:21:17,Completed,831
3359,682,197,Masala Dosa,2023-11-27,17:05:30,Completed,381
3360,601,85,Hakka Noodles,2023-07-19,22:15:06,Completed,751
3361,110,111,Hakka Noodles,2025-05-16,18:00:36,Completed,443
3362,603,116,Pav Bhaji,2024-10-26,17:37:01,Completed,916
3363,719,15,Dal Makhani,2025-04-07,11:55:09,Cancelled,189
3364,182,179,Veg Biryani,2023-11-04,15:28:35,Pending,893
3365,158,165,Paneer Butter Masala,2024-01-09,22:13:00,Completed,299
3366,101,34,Farmhouse Pizza,2025-02-21,18:03:07,Completed,779
3367,367,64,Veg Fried Rice,2025-03-03,11:34:51,Pending,143
3368,675,191,Veg Momos,2023-10-19,15:30:18,Completed,915
3369,124,160,Hakka Noodles,2024-11-02,17:51:48,Completed,591
3370,896,63,Fish Curry,2024-08-12,21:49:18,Completed,322
3371,247,155,Veg Fried Rice,2024-03-19,16:13:36,Completed,435
3372,5,57,Masala Dosa,2023-08-29,21:34:10,Cancelled,491
3373,764,99,Chicken Momos,2024-05-13,18:53:54,Completed,924
3374,462,199,Chicken Tikka,2023-08-23,16:29:55,Completed,720
3375,977,85,Idli Sambar,2024-09-06,22:09:08,Completed,645
3376,779,43,Pav Bhaji,2023-07-17,13:03:44,Completed,633
3377,868,119,Chicken Biryani,2023-11-06,21:54:02,Completed,205
3378,566,110,Farmhouse Pizza,2023-11-26,09:41:03,Completed,766
3379,4,13,Chicken Tikka,2023-08-09,18:27:49,Completed,196
3380,708,88,Dal Makhani,2024-09-09,17:53:03,Completed,520
3381,163,38,Pav Bhaji,2023-02-08,15:53:15,Completed,665
3382,454,115,Margherita Pizza,2023-10-27,19:58:27,Completed,324
3383,327,77,Paneer Butter Masala,2025-02-15,20:51:17,Completed,200
3384,17,78,Paneer Butter Masala,2023-11-05,22:57:58,Completed,522
3385,435,102,Paneer Tikka,2023-08-19,09:20:56,Pending,487
3386,459,97,Veg Momos,2025-06-04,14:25:33,Completed,942
3387,867,23,Paneer Tikka,2024-01-11,20:38:28,Completed,414
3388,431,166,Fish Curry,2023-02-08,09:09:24,Completed,853
3389,922,155,Burger,2024-05-31,18:04:25,Completed,740
3390,8,127,Chole Bhature,2023-10-03,16:00:53,Completed,553
3391,700,14,Veg Momos,2024-02-18,14:50:25,Completed,715
3392,380,110,Chicken Biryani,2023-12-02,13:41:43,Completed,766
3393,736,81,Chicken Biryani,2024-04-22,15:55:08,Completed,547
3394,34,173,Veg Fried Rice,2024-07-12,16:32:59,Completed,846
3395,499,82,Fish Curry,2025-02-06,12:43:25,Completed,650
3396,146,164,Veg Biryani,2024-10-28,22:17:17,Completed,881
3397,907,76,Veg Momos,2024-08-18,11:23:33,Completed,869
3398,129,159,Chole Bhature,2024-10-21,16:24:22,Completed,732
3399,697,189,Masala Dosa,2025-06-22,14:51:55,Completed,437
3400,16,68,Chicken Biryani,2024-07-06,22:20:09,Completed,876
3401,62,173,Butter Chicken,2025-01-27,22:22:14,Completed,141
3402,497,93,Dal Makhani,2024-07-06,09:05:19,Completed,325
3403,544,136,Masala Dosa,2023-04-01,12:46:50,Cancelled,667
3404,762,126,Burger,2025-05-07,17:34:04,Completed,769
3405,263,151,Hakka Noodles,2024-09-17,15:59:53,Completed,741
3406,124,152,Margherita Pizza,2023-02-05,16:45:18,Completed,211
3407,129,71,Chicken Momos,2023-03-19,18:16:10,Completed,326
3408,249,191,Chole Bhature,2024-02-14,18:03:20,Completed,516
3409,135,10,Paneer Butter Masala,2025-05-15,16:57:55,Completed,847
3410,371,158,Fish Curry,2025-02-27,12:15:43,Completed,568
3411,588,11,Dal Makhani,2023-06-28,15:38:54,Completed,295
3412,158,56,Caesar Salad,2023-12-26,21:43:45,Completed,917
3413,339,50,Burger,2023-06-16,17:21:40,Cancelled,143
3414,551,196,Hakka Noodles,2024-09-04,20:40:56,Completed,945
3415,240,134,Pav Bhaji,2023-11-16,15:00:51,Completed,762
3416,553,107,Chicken Tikka,2023-01-17,16:59:39,Completed,408
3417,679,34,Masala Dosa,2023-05-12,22:47:32,Completed,936
3418,523,134,Caesar Salad,2023-11-20,16:34:39,Completed,179
3419,541,81,Pav Bhaji,2024-08-14,16:17:16,Completed,143
3420,343,33,Pav Bhaji,2024-02-19,10:57:23,Completed,884
3421,570,194,Butter Chicken,2024-12-21,20:12:34,Completed,550
3422,542,180,Dal Makhani,2025-02-15,15:10:21,Completed,774
3423,302,27,Chicken Momos,2024-09-11,09:30:15,Completed,861
3424,808,188,Burger,2025-01-18,13:56:08,Completed,568
3425,349,115,Caesar Salad,2023-09-22,18:57:22,Completed,641
3426,35,102,Chole Bhature,2025-04-17,12:12:14,Completed,534
3427,674,3,Pav Bhaji,2024-09-01,16:30:12,Completed,427
3428,736,67,Paneer Tikka,2023-01-11,19:52:33,Completed,357
3429,111,131,Chicken Tikka,2025-06-02,14:49:50,Completed,418
3430,415,101,Margherita Pizza,2024-10-31,10:56:23,Completed,288
3431,951,129,Paneer Tikka,2024-05-12,18:33:25,Completed,746
3432,733,55,Fish Curry,2024-09-24,16:31:49,Completed,383
3433,249,22,Chicken Tikka,2024-04-04,10:58:01,Completed,490
3434,273,8,Fish Curry,2023-05-28,13:12:50,Pending,512
3435,638,152,Butter Chicken,2024-07-19,13:38:38,Completed,323
3436,159,118,Fish Curry,2023-12-29,09:13:39,Completed,641
3437,279,43,Margherita Pizza,2024-05-08,18:15:37,Completed,574
3438,955,16,Veg Fried Rice,2025-01-06,21:34:48,Completed,187
3439,600,183,Veg Biryani,2024-06-12,09:36:52,Completed,819
3440,477,141,Paneer Tikka,2025-01-10,20:02:35,Completed,299
3441,510,41,Dal Makhani,2023-06-25,10:33:02,Completed,842
3442,694,166,Masala Dosa,2023-05-25,20:30:09,Completed,573
3443,831,57,Chicken Momos,2024-01-09,19:13:12,Completed,805
3444,69,11,Masala Dosa,2024-06-23,20:40:32,Pending,930
3445,86,90,Veg Biryani,2023-10-30,22:44:34,Completed,124
3446,395,40,Margherita Pizza,2025-06-28,12:17:33,Completed,722
3447,648,89,Pav Bhaji,2024-01-10,11:58:17,Completed,812
3448,874,12,Veg Fried Rice,2023-08-27,15:06:50,Completed,873
3449,19,102,Pav Bhaji,2024-07-21,11:07:52,Completed,379
3450,562,22,Idli Sambar,2023-12-30,12:13:14,Completed,261
3451,521,154,Paneer Tikka,2025-05-03,18:40:24,Completed,240
3452,883,8,Pav Bhaji,2023-06-23,14:29:57,Completed,490
3453,935,131,Chicken Tikka,2023-11-07,11:06:18,Completed,509
3454,82,56,Chole Bhature,2025-06-02,21:43:30,Completed,909
3455,743,82,Chicken Tikka,2025-04-01,18:27:25,Completed,388
3456,561,194,Veg Fried Rice,2025-01-23,09:11:53,Completed,368
3457,505,104,Chicken Tikka,2023-05-20,16:36:44,Completed,276
3458,518,45,Masala Dosa,2024-08-06,15:49:44,Completed,229
3459,108,64,Chole Bhature,2023-08-23,15:51:36,Completed,851
3460,461,45,Veg Momos,2023-10-29,19:17:16,Cancelled,579
3461,658,111,Farmhouse Pizza,2023-02-10,11:01:39,Completed,885
3462,569,15,Chicken Momos,2023-04-21,12:08:19,Completed,776
3463,815,58,Caesar Salad,2023-01-20,20:56:54,Completed,155
3464,223,186,Fish Curry,2024-06-11,13:49:43,Completed,187
3465,413,178,Burger,2023-04-06,18:08:18,Completed,269
3466,840,190,Hakka Noodles,2024-04-25,15:06:44,Completed,468
3467,723,54,Butter Chicken,2023-02-12,10:18:08,Completed,815
3468,115,134,Veg Fried Rice,2024-12-20,13:18:24,Completed,915
3469,549,200,Veg Fried Rice,2023-11-12,20:16:42,Completed,463
3470,736,167,Butter Chicken,2024-08-31,14:47:32,Completed,350
3471,360,180,Chicken Tikka,2023-12-02,19:47:23,Pending,403
3472,870,112,Butter Chicken,2023-07-23,20:08:17,Completed,820
3473,735,98,Chicken Momos,2023-04-02,20:07:57,Completed,867
3474,782,112,Paneer Tikka,2025-04-18,22:09:06,Completed,180
3475,312,163,Veg Momos,2023-05-17,16:44:34,Completed,177
3476,413,146,Burger,2025-05-10,17:07:29,Completed,171
3477,976,149,Veg Biryani,2025-05-11,11:44:06,Completed,181
3478,304,91,Farmhouse Pizza,2025-05-11,20:23:50,Pending,829
3479,224,58,Butter Chicken,2024-03-19,20:34:38,Completed,843
3480,616,159,Pav Bhaji,2024-06-29,20:06:37,Pending,556
3481,559,24,Veg Fried Rice,2025-04-26,12:09:52,Cancelled,320
3482,277,66,Masala Dosa,2023-12-28,16:06:18,Completed,496
3483,131,196,Fish Curry,2023-10-20,10:53:57,Completed,313
3484,717,178,Pav Bhaji,2024-03-18,20:42:50,Completed,562
3485,650,130,Butter Chicken,2024-05-07,12:01:50,Completed,793
3486,570,83,Chicken Momos,2023-11-25,18:47:04,Completed,249
3487,815,83,Burger,2025-04-26,17:47:28,Completed,233
3488,689,79,Masala Dosa,2024-09-13,16:40:15,Completed,573
3489,862,96,Caesar Salad,2023-11-25,16:15:03,Pending,566
3490,595,63,Masala Dosa,2023-12-01,10:09:50,Completed,514
3491,352,86,Chicken Tikka,2024-06-12,19:54:59,Cancelled,800
3492,645,148,Chicken Biryani,2024-07-11,10:09:47,Cancelled,407
3493,253,166,Paneer Butter Masala,2023-05-09,14:18:20,Completed,285
3494,415,180,Chicken Tikka,2023-08-13,09:41:24,Completed,731
3495,94,18,Chicken Biryani,2023-11-02,19:57:52,Completed,589
3496,936,115,Chicken Tikka,2024-04-26,18:11:48,Completed,302
3497,391,192,Chicken Biryani,2023-05-16,18:17:54,Completed,396
3498,994,7,Chicken Biryani,2024-06-25,22:53:25,Completed,493
3499,878,33,Idli Sambar,2025-02-01,17:33:50,Completed,629
3500,684,93,Margherita Pizza,2024-03-16,17:14:28,Completed,746
3501,16,74,Burger,2023-02-27,10:59:38,Completed,160
3502,982,118,Idli Sambar,2023-11-20,19:05:51,Completed,739
3503,785,103,Veg Momos,2025-05-03,21:09:08,Completed,517
3504,227,17,Chicken Tikka,2024-09-30,13:56:57,Completed,674
3505,586,149,Butter Chicken,2024-10-02,17:07:02,Completed,189
3506,582,31,Chicken Biryani,2024-09-18,20:56:24,Completed,794
3507,459,182,Caesar Salad,2024-04-22,12:42:08,Completed,693
3508,203,172,Veg Fried Rice,2024-04-19,11:01:58,Completed,753
3509,999,45,Chole Bhature,2024-08-27,20:11:30,Pending,205
3510,652,104,Paneer Butter Masala,2023-06-02,12:06:35,Pending,510
3511,452,4,Pav Bhaji,2024-01-25,17:23:34,Completed,567
3512,134,133,Farmhouse Pizza,2025-03-18,09:41:58,Completed,362
3513,44,49,Caesar Salad,2023-05-28,17:05:34,Cancelled,685
3514,749,139,Paneer Tikka,2024-06-10,09:18:03,Completed,879
3515,823,58,Chicken Tikka,2025-02-11,12:37:26,Completed,862
3516,504,153,Margherita Pizza,2024-09-12,17:56:50,Completed,214
3517,762,102,Pav Bhaji,2023-08-05,11:57:22,Completed,223
3518,857,105,Veg Biryani,2024-02-02,17:43:32,Completed,508
3519,95,192,Paneer Tikka,2023-01-08,19:41:58,Completed,461
3520,492,129,Fish Curry,2024-10-12,13:01:57,Completed,844
3521,913,117,Butter Chicken,2024-02-06,13:13:56,Completed,435
3522,495,61,Veg Biryani,2023-09-21,14:31:56,Completed,586
3523,224,186,Idli Sambar,2024-09-21,22:44:45,Completed,625
3524,625,75,Butter Chicken,2023-04-22,13:45:31,Completed,467
3525,793,166,Burger,2024-10-06,12:05:48,Completed,315
3526,371,145,Veg Fried Rice,2023-09-29,11:25:46,Completed,766
3527,323,8,Fish Curry,2025-04-02,14:46:02,Completed,418
3528,619,74,Idli Sambar,2025-04-20,16:25:32,Completed,130
3529,474,185,Caesar Salad,2023-10-25,09:05:59,Completed,395
3530,192,11,Chicken Momos,2023-07-13,11:07:24,Completed,514
3531,689,6,Hakka Noodles,2023-03-13,15:58:34,Completed,454
3532,169,120,Margherita Pizza,2024-02-10,10:40:57,Completed,323
3533,8,188,Butter Chicken,2025-04-13,13:10:07,Completed,253
3534,888,131,Veg Fried Rice,2023-07-16,09:42:37,Cancelled,306
3535,754,13,Paneer Butter Masala,2025-05-19,15:04:52,Completed,162
3536,417,18,Masala Dosa,2023-04-03,13:07:26,Cancelled,284
3537,816,68,Veg Biryani,2023-01-15,19:56:13,Pending,242
3538,629,96,Veg Fried Rice,2023-09-19,09:46:28,Completed,896
3539,417,89,Paneer Butter Masala,2023-03-07,19:09:02,Completed,181
3540,544,3,Burger,2024-01-07,21:59:31,Completed,514
3541,509,75,Pav Bhaji,2024-05-14,10:44:59,Completed,444
3542,81,118,Burger,2024-08-21,19:15:28,Completed,344
3543,850,23,Pav Bhaji,2023-05-25,09:51:52,Completed,802
3544,169,121,Butter Chicken,2023-07-11,11:05:02,Pending,779
3545,846,106,Paneer Butter Masala,2024-08-26,13:12:40,Completed,683
3546,912,168,Caesar Salad,2023-08-24,18:29:56,Completed,185
3547,955,21,Dal Makhani,2024-12-15,09:51:43,Completed,522
3548,840,96,Idli Sambar,2023-01-25,09:05:53,Completed,725
3549,757,135,Caesar Salad,2024-05-28,12:39:02,Completed,292
3550,349,125,Hakka Noodles,2024-09-23,14:05:09,Completed,666
3551,163,167,Chole Bhature,2023-07-15,18:23:01,Cancelled,273
3552,472,146,Chicken Tikka,2023-09-03,17:02:13,Completed,911
3553,488,155,Chole Bhature,2025-06-16,19:26:52,Completed,390
3554,599,52,Paneer Tikka,2023-07-08,15:17:41,Completed,140
3555,939,55,Dal Makhani,2025-03-27,10:48:59,Completed,593
3556,140,23,Hakka Noodles,2024-02-15,14:32:48,Completed,887
3557,426,91,Fish Curry,2024-09-02,19:54:24,Completed,817
3558,962,180,Pav Bhaji,2023-11-27,22:25:41,Completed,910
3559,267,118,Chicken Tikka,2023-02-21,11:23:21,Completed,492
3560,438,49,Hakka Noodles,2024-09-26,18:56:35,Completed,871
3561,268,19,Chicken Biryani,2023-05-31,21:31:13,Cancelled,859
3562,741,111,Pav Bhaji,2023-07-30,17:29:18,Completed,157
3563,61,2,Veg Fried Rice,2025-05-03,15:29:18,Completed,819
3564,533,151,Paneer Tikka,2024-08-06,21:55:39,Completed,852
3565,301,180,Burger,2023-02-02,10:24:17,Cancelled,873
3566,404,191,Paneer Butter Masala,2023-12-10,16:40:41,Completed,247
3567,41,46,Veg Momos,2024-12-06,11:49:25,Completed,182
3568,582,141,Idli Sambar,2024-01-29,14:56:50,Completed,131
3569,244,115,Chicken Biryani,2023-04-19,22:29:05,Completed,240
3570,618,44,Paneer Tikka,2023-02-01,11:16:58,Completed,627
3571,105,113,Chole Bhature,2023-01-19,14:35:26,Pending,752
3572,958,7,Margherita Pizza,2024-10-03,11:59:07,Completed,791
3573,813,184,Caesar Salad,2023-03-05,14:22:15,Completed,440
3574,798,168,Farmhouse Pizza,2025-04-06,10:22:47,Completed,178
3575,832,126,Farmhouse Pizza,2025-03-29,19:34:10,Completed,276
3576,13,137,Burger,2024-12-16,10:34:13,Completed,703
3577,24,178,Caesar Salad,2024-09-28,16:07:56,Completed,506
3578,790,21,Veg Fried Rice,2023-09-27,17:48:04,Completed,914
3579,692,46,Idli Sambar,2024-04-01,18:23:54,Completed,625
3580,147,99,Chicken Tikka,2023-03-30,18:39:12,Completed,782
3581,877,168,Idli Sambar,2023-05-02,09:49:54,Completed,357
3582,931,8,Dal Makhani,2024-05-17,15:25:56,Cancelled,586
3583,771,7,Hakka Noodles,2025-04-04,15:35:16,Completed,651
3584,701,196,Fish Curry,2023-08-22,16:54:04,Completed,157
3585,393,182,Farmhouse Pizza,2023-11-22,14:33:59,Completed,550
3586,219,176,Caesar Salad,2024-05-19,15:42:44,Completed,629
3587,495,123,Margherita Pizza,2023-01-22,12:33:54,Completed,933
3588,648,109,Paneer Tikka,2025-06-01,09:32:35,Completed,775
3589,555,57,Chicken Tikka,2023-11-08,09:11:25,Completed,283
3590,438,8,Veg Fried Rice,2024-09-22,17:48:44,Completed,267
3591,125,82,Paneer Butter Masala,2023-02-08,11:49:44,Completed,594
3592,887,83,Chole Bhature,2025-01-12,11:39:58,Completed,346
3593,720,117,Chicken Biryani,2025-06-14,18:00:14,Completed,432
3594,71,59,Butter Chicken,2024-11-25,09:38:40,Completed,512
3595,605,179,Butter Chicken,2024-02-24,12:21:41,Cancelled,139
3596,951,12,Dal Makhani,2025-01-07,17:15:02,Completed,594
3597,138,127,Caesar Salad,2023-06-13,14:04:55,Completed,921
3598,964,7,Masala Dosa,2023-12-23,19:53:53,Completed,597
3599,202,161,Burger,2024-11-17,16:01:49,Cancelled,610
3600,850,29,Chicken Momos,2024-06-17,19:29:02,Completed,768
3601,657,135,Veg Momos,2023-04-15,10:05:22,Completed,799
3602,65,3,Chicken Tikka,2023-09-05,15:18:14,Completed,298
3603,74,100,Veg Biryani,2024-01-31,21:57:12,Completed,900
3604,696,61,Paneer Tikka,2025-01-05,19:26:42,Completed,498
3605,778,194,Farmhouse Pizza,2024-06-07,11:17:04,Completed,640
3606,397,16,Pav Bhaji,2023-05-03,18:23:52,Completed,334
3607,619,66,Paneer Tikka,2023-02-17,19:56:50,Completed,793
3608,646,185,Hakka Noodles,2025-06-13,09:42:18,Completed,865
3609,917,33,Hakka Noodles,2024-04-22,19:23:45,Completed,740
3610,18,193,Paneer Butter Masala,2025-02-15,22:11:22,Completed,333
3611,452,85,Chicken Momos,2024-03-04,22:20:47,Completed,361
3612,942,10,Hakka Noodles,2024-02-04,09:26:07,Completed,792
3613,352,169,Hakka Noodles,2023-02-21,22:25:17,Completed,271
3614,489,53,Burger,2024-06-18,14:39:57,Completed,827
3615,169,13,Paneer Tikka,2023-03-04,10:05:14,Completed,688
3616,603,114,Chicken Biryani,2023-10-26,14:45:24,Completed,702
3617,30,124,Veg Biryani,2023-07-04,17:05:38,Cancelled,907
3618,196,29,Margherita Pizza,2024-05-02,18:11:55,Completed,321
3619,422,135,Chicken Momos,2024-10-10,22:04:12,Pending,800
3620,876,161,Veg Biryani,2023-07-26,14:42:46,Completed,142
3621,835,108,Masala Dosa,2025-01-30,19:09:31,Completed,701
3622,263,16,Margherita Pizza,2023-07-03,11:45:37,Cancelled,465
3623,390,16,Fish Curry,2023-03-16,20:03:38,Pending,421
3624,324,121,Pav Bhaji,2024-09-18,20:42:42,Cancelled,728
3625,123,40,Hakka Noodles,2024-09-18,12:02:45,Completed,454
3626,460,192,Masala Dosa,2024-11-09,18:52:14,Cancelled,643
3627,990,73,Hakka Noodles,2025-05-23,20:19:20,Completed,218
3628,158,144,Idli Sambar,2023-03-02,19:30:10,Completed,496
3629,149,106,Hakka Noodles,2023-03-29,18:56:05,Completed,923
3630,962,56,Chicken Tikka,2023-03-12,18:41:20,Cancelled,756
3631,516,25,Paneer Tikka,2023-03-08,16:25:50,Completed,542
3632,766,146,Chicken Momos,2025-03-15,19:41:36,Completed,937
3633,155,135,Idli Sambar,2023-12-07,20:08:26,Completed,185
3634,133,1,Burger,2024-01-08,15:42:00,Completed,718
3635,766,95,Caesar Salad,2023-07-25,19:44:47,Completed,154
3636,356,159,Pav Bhaji,2024-10-25,14:56:18,Completed,682
3637,379,133,Chicken Tikka,2023-11-12,09:20:44,Completed,539
3638,864,86,Chole Bhature,2024-01-11,12:10:20,Completed,774
3639,603,50,Hakka Noodles,2023-05-05,11:18:57,Completed,492
3640,506,66,Masala Dosa,2024-09-16,15:26:11,Completed,929
3641,600,174,Caesar Salad,2023-02-25,14:32:21,Completed,183
3642,905,64,Veg Biryani,2023-04-13,09:22:48,Completed,483
3643,525,61,Dal Makhani,2023-07-13,16:26:40,Completed,154
3644,926,76,Hakka Noodles,2025-03-15,22:20:29,Completed,562
3645,439,152,Butter Chicken,2023-08-28,12:52:56,Completed,671
3646,88,1,Chole Bhature,2024-01-16,18:42:55,Completed,874
3647,736,111,Idli Sambar,2024-05-17,21:38:07,Completed,129
3648,658,182,Dal Makhani,2023-04-03,14:32:49,Completed,833
3649,263,149,Chole Bhature,2025-06-05,12:43:50,Completed,627
3650,293,20,Veg Biryani,2025-04-30,19:03:29,Completed,217
3651,522,75,Burger,2023-02-21,21:39:44,Completed,359
3652,445,42,Paneer Butter Masala,2024-08-25,22:04:05,Completed,286
3653,700,112,Dal Makhani,2025-03-07,13:17:16,Completed,251
3654,751,45,Chicken Momos,2024-12-14,19:07:50,Completed,811
3655,55,125,Chicken Tikka,2024-07-14,10:13:30,Cancelled,163
3656,259,188,Fish Curry,2025-04-25,21:51:47,Pending,779
3657,851,155,Pav Bhaji,2023-05-27,09:22:41,Completed,624
3658,901,27,Paneer Tikka,2025-01-02,13:13:20,Completed,603
3659,316,74,Veg Momos,2025-06-08,18:38:34,Completed,661
3660,244,146,Burger,2023-07-14,09:42:54,Completed,222
3661,9,122,Chicken Tikka,2023-05-24,10:00:58,Completed,635
3662,122,110,Chole Bhature,2024-04-23,22:29:06,Completed,591
3663,378,154,Veg Biryani,2023-10-10,15:20:43,Completed,628
3664,531,69,Caesar Salad,2024-05-03,12:46:28,Completed,443
3665,832,174,Pav Bhaji,2023-08-02,13:03:57,Completed,436
3666,861,47,Pav Bhaji,2023-11-07,21:10:38,Completed,686
3667,202,132,Burger,2023-11-28,21:12:23,Completed,442
3668,902,5,Veg Fried Rice,2024-11-07,15:58:52,Completed,221
3669,70,79,Margherita Pizza,2023-05-30,20:54:14,Completed,619
3670,594,195,Caesar Salad,2023-02-02,13:44:51,Completed,873
3671,568,57,Pav Bhaji,2025-03-27,18:41:48,Completed,644
3672,466,27,Fish Curry,2023-02-24,14:30:30,Completed,787
3673,519,106,Margherita Pizza,2023-05-10,16:48:53,Completed,764
3674,696,88,Fish Curry,2025-04-30,13:02:12,Completed,472
3675,777,69,Fish Curry,2025-05-07,19:49:01,Completed,257
3676,926,172,Burger,2023-11-22,17:43:58,Completed,911
3677,995,162,Butter Chicken,2023-08-18,14:51:02,Completed,520
3678,88,76,Veg Biryani,2024-11-18,19:06:38,Completed,224
3679,308,96,Butter Chicken,2023-01-10,16:07:09,Completed,885
3680,66,92,Chicken Biryani,2023-12-02,09:38:51,Completed,658
3681,553,35,Veg Fried Rice,2023-04-12,17:31:09,Completed,425
3682,267,13,Veg Fried Rice,2025-03-27,09:26:32,Completed,198
3683,444,166,Veg Biryani,2025-05-16,21:44:17,Completed,153
3684,171,126,Farmhouse Pizza,2025-03-07,09:00:42,Completed,342
3685,482,121,Pav Bhaji,2024-08-04,13:42:07,Completed,332
3686,405,1,Margherita Pizza,2023-10-27,18:49:07,Completed,817
3687,730,161,Chicken Tikka,2024-12-21,09:40:55,Completed,790
3688,345,109,Paneer Butter Masala,2024-06-21,13:13:17,Completed,871
3689,590,10,Chole Bhature,2024-12-17,13:34:00,Pending,733
3690,506,153,Caesar Salad,2024-07-17,18:59:32,Completed,517
3691,726,70,Burger,2023-03-19,17:47:12,Cancelled,629
3692,733,77,Hakka Noodles,2023-02-17,21:06:07,Completed,749
3693,891,43,Veg Biryani,2024-06-02,22:59:22,Completed,525
3694,1000,84,Burger,2023-12-18,20:25:36,Completed,527
3695,690,31,Farmhouse Pizza,2023-07-22,18:51:05,Completed,360
3696,516,132,Fish Curry,2024-07-20,19:39:37,Completed,734
3697,991,181,Chicken Tikka,2024-03-07,18:19:34,Completed,816
3698,842,108,Burger,2023-06-22,15:25:39,Completed,188
3699,261,93,Burger,2025-01-26,09:27:56,Completed,651
3700,716,129,Farmhouse Pizza,2024-02-22,09:00:47,Completed,892
3701,509,78,Margherita Pizza,2025-02-15,18:03:42,Completed,879
3702,204,118,Caesar Salad,2024-11-23,14:54:16,Completed,625
3703,557,115,Idli Sambar,2024-05-26,09:06:08,Completed,276
3704,461,79,Paneer Tikka,2024-08-21,15:56:43,Completed,147
3705,490,192,Chicken Tikka,2023-05-30,14:00:16,Completed,387
3706,510,61,Fish Curry,2024-04-08,13:31:26,Completed,201
3707,810,118,Caesar Salad,2023-07-19,20:25:47,Completed,396
3708,506,90,Caesar Salad,2025-03-01,21:28:43,Completed,491
3709,854,45,Paneer Butter Masala,2025-05-02,09:27:17,Completed,858
3710,699,108,Chicken Tikka,2025-05-24,20:07:02,Completed,291
3711,901,123,Chole Bhature,2025-05-31,20:44:43,Completed,446
3712,37,118,Hakka Noodles,2024-12-21,15:34:47,Completed,623
3713,585,72,Chicken Biryani,2025-01-07,09:36:37,Completed,567
3714,304,15,Masala Dosa,2023-06-16,17:43:16,Completed,336
3715,576,133,Dal Makhani,2023-11-10,16:58:22,Completed,232
3716,959,38,Chicken Tikka,2023-08-31,09:36:46,Completed,493
3717,907,191,Fish Curry,2024-10-13,16:04:49,Pending,781
3718,344,168,Butter Chicken,2023-07-18,19:20:45,Completed,917
3719,846,47,Dal Makhani,2023-07-06,17:54:35,Completed,940
3720,336,167,Paneer Tikka,2024-11-23,18:21:03,Completed,518
3721,336,20,Masala Dosa,2023-11-02,09:31:36,Completed,659
3722,860,175,Chicken Tikka,2024-10-29,11:25:58,Completed,891
3723,233,71,Paneer Tikka,2023-03-08,12:09:38,Completed,358
3724,739,115,Chole Bhature,2023-10-23,22:03:57,Completed,817
3725,424,26,Veg Momos,2023-07-26,21:12:43,Cancelled,403
3726,917,22,Paneer Butter Masala,2023-03-11,17:11:29,Completed,800
3727,651,88,Fish Curry,2024-01-11,17:17:54,Completed,184
3728,838,114,Chicken Biryani,2023-06-30,14:55:09,Completed,934
3729,225,132,Chole Bhature,2024-04-18,12:23:30,Completed,187
3730,913,164,Veg Fried Rice,2024-10-09,10:29:21,Completed,488
3731,166,197,Dal Makhani,2023-11-04,17:02:28,Completed,621
3732,368,157,Chole Bhature,2023-02-28,12:23:09,Completed,366
3733,148,180,Masala Dosa,2025-03-12,22:22:41,Completed,866
3734,123,165,Veg Fried Rice,2023-05-23,20:50:19,Completed,360
3735,853,7,Veg Momos,2024-10-07,20:18:45,Completed,131
3736,130,81,Paneer Butter Masala,2025-02-07,22:21:39,Completed,436
3737,600,122,Dal Makhani,2024-05-01,13:55:12,Completed,768
3738,390,27,Dal Makhani,2025-03-29,13:44:27,Completed,139
3739,619,133,Chicken Momos,2024-09-05,18:03:27,Completed,510
3740,978,18,Caesar Salad,2023-07-14,16:59:53,Cancelled,574
3741,708,90,Chicken Tikka,2023-04-27,13:46:19,Completed,817
3742,495,10,Fish Curry,2024-09-10,15:09:08,Completed,728
3743,215,124,Pav Bhaji,2024-02-12,11:09:48,Cancelled,365
3744,754,27,Chicken Tikka,2023-10-12,12:46:29,Completed,237
3745,363,128,Chicken Biryani,2024-04-14,20:09:09,Completed,615
3746,975,157,Paneer Butter Masala,2025-06-13,18:09:00,Completed,493
3747,84,74,Pav Bhaji,2023-07-24,15:30:06,Completed,255
3748,91,161,Butter Chicken,2023-05-20,13:47:30,Cancelled,334
3749,427,26,Dal Makhani,2025-02-13,14:10:27,Completed,523
3750,753,194,Masala Dosa,2023-09-22,09:44:32,Completed,536
3751,927,120,Dal Makhani,2025-06-05,20:53:51,Completed,629
3752,698,22,Chicken Momos,2024-05-09,21:00:27,Completed,413
3753,21,152,Paneer Tikka,2025-05-23,13:50:36,Completed,682
3754,75,117,Dal Makhani,2023-11-30,15:27:38,Completed,793
3755,680,159,Veg Fried Rice,2023-04-17,17:35:57,Completed,459
3756,464,24,Butter Chicken,2023-12-22,21:07:56,Pending,714
3757,275,47,Veg Momos,2024-01-31,13:49:42,Pending,481
3758,672,107,Farmhouse Pizza,2023-03-25,18:56:00,Completed,184
3759,452,46,Pav Bhaji,2024-05-22,16:53:14,Completed,806
3760,687,195,Margherita Pizza,2023-08-15,22:38:22,Completed,471
3761,720,173,Dal Makhani,2023-07-21,21:53:38,Completed,883
3762,391,153,Butter Chicken,2024-04-16,15:22:27,Completed,334
3763,803,32,Chole Bhature,2025-04-08,09:16:57,Completed,473
3764,992,4,Chicken Tikka,2025-05-08,11:13:16,Completed,137
3765,36,172,Chicken Momos,2024-06-26,13:36:30,Completed,684
3766,260,112,Butter Chicken,2024-04-29,18:08:41,Completed,470
3767,236,32,Veg Biryani,2023-05-14,10:36:18,Completed,403
3768,642,73,Chicken Tikka,2025-06-23,10:00:27,Completed,765
3769,616,32,Chicken Biryani,2023-10-28,21:56:27,Completed,509
3770,721,116,Paneer Butter Masala,2023-11-19,13:39:22,Completed,404
3771,727,153,Veg Momos,2024-05-28,17:53:45,Pending,155
3772,706,92,Paneer Tikka,2024-12-29,20:23:38,Completed,657
3773,706,91,Farmhouse Pizza,2023-06-26,16:30:36,Cancelled,457
3774,331,17,Veg Fried Rice,2024-10-28,11:39:49,Pending,278
3775,189,113,Veg Biryani,2025-06-26,18:20:04,Completed,264
3776,172,22,Burger,2023-04-06,14:14:42,Cancelled,822
3777,124,159,Masala Dosa,2024-12-06,21:55:51,Completed,259
3778,799,34,Paneer Tikka,2025-06-21,16:07:30,Completed,767
3779,524,125,Dal Makhani,2024-06-21,10:48:05,Completed,382
3780,896,82,Butter Chicken,2024-10-04,10:07:59,Completed,242
3781,743,35,Burger,2024-07-30,16:18:31,Completed,436
3782,952,149,Hakka Noodles,2025-01-20,14:13:50,Completed,411
3783,122,167,Caesar Salad,2025-06-10,18:10:19,Completed,508
3784,711,136,Farmhouse Pizza,2024-01-19,11:54:28,Completed,924
3785,918,137,Farmhouse Pizza,2024-11-25,16:02:54,Completed,326
3786,588,58,Veg Momos,2024-03-15,14:30:59,Completed,189
3787,973,117,Idli Sambar,2024-06-09,12:09:02,Completed,897
3788,785,74,Veg Momos,2025-02-27,18:57:31,Completed,262
3789,866,96,Chicken Tikka,2023-02-15,19:23:00,Completed,830
3790,655,119,Chole Bhature,2024-05-12,09:12:54,Completed,498
3791,582,150,Margherita Pizza,2025-03-28,16:17:35,Completed,514
3792,764,182,Chicken Momos,2024-10-17,18:29:38,Cancelled,281
3793,833,126,Farmhouse Pizza,2023-11-03,09:14:27,Completed,381
3794,404,109,Chicken Momos,2023-10-14,10:08:30,Completed,811
3795,204,29,Burger,2023-03-27,15:06:13,Completed,883
3796,850,105,Caesar Salad,2025-03-01,14:01:35,Cancelled,447
3797,460,84,Chicken Momos,2024-11-20,19:56:08,Completed,555
3798,925,87,Paneer Tikka,2023-06-12,17:54:06,Completed,369
3799,110,122,Farmhouse Pizza,2023-04-06,20:16:03,Completed,874
3800,865,48,Chole Bhature,2023-02-09,21:14:23,Completed,760
3801,163,188,Butter Chicken,2024-10-07,15:11:19,Completed,230
3802,574,177,Pav Bhaji,2023-05-10,21:11:55,Completed,612
3803,238,18,Veg Biryani,2024-04-21,16:52:15,Completed,775
3804,353,1,Chicken Tikka,2025-04-23,11:26:27,Completed,948
3805,992,197,Paneer Butter Masala,2024-11-08,17:51:30,Completed,779
3806,932,39,Burger,2023-10-18,17:34:23,Completed,480
3807,354,124,Masala Dosa,2024-03-19,18:09:59,Pending,485
3808,596,18,Chicken Tikka,2025-01-13,15:59:13,Completed,774
3809,549,19,Caesar Salad,2025-03-08,12:23:21,Completed,195
3810,482,163,Chicken Momos,2025-01-04,13:48:47,Completed,805
3811,61,176,Chicken Tikka,2025-01-11,16:54:36,Completed,527
3812,127,98,Fish Curry,2024-02-03,15:06:35,Completed,829
3813,891,80,Butter Chicken,2023-07-10,12:13:31,Completed,888
3814,525,75,Masala Dosa,2025-04-05,16:52:26,Completed,202
3815,707,7,Margherita Pizza,2023-11-18,10:48:23,Completed,826
3816,705,101,Veg Biryani,2025-01-22,20:02:07,Completed,625
3817,849,198,Caesar Salad,2025-04-03,15:09:00,Completed,464
3818,478,164,Chole Bhature,2024-01-15,09:14:26,Cancelled,552
3819,724,52,Caesar Salad,2023-02-07,15:46:11,Completed,791
3820,652,15,Margherita Pizza,2024-07-06,15:42:38,Completed,349
3821,742,91,Burger,2023-10-25,17:58:59,Completed,600
3822,933,178,Hakka Noodles,2024-06-25,11:35:39,Cancelled,911
3823,973,82,Chicken Biryani,2023-01-04,22:54:30,Completed,402
3824,890,58,Hakka Noodles,2024-06-28,16:51:55,Completed,534
3825,227,178,Pav Bhaji,2023-09-10,09:57:20,Completed,840
3826,197,142,Idli Sambar,2024-01-17,14:25:25,Pending,328
3827,907,174,Veg Fried Rice,2024-02-01,20:01:54,Completed,583
3828,243,176,Margherita Pizza,2023-05-25,11:17:25,Completed,796
3829,251,93,Paneer Butter Masala,2024-06-19,17:59:32,Completed,199
3830,127,191,Veg Biryani,2024-10-12,13:38:01,Completed,486
3831,886,192,Hakka Noodles,2025-01-09,17:18:50,Completed,834
3832,930,183,Margherita Pizza,2023-10-03,09:51:22,Completed,423
3833,102,116,Fish Curry,2025-04-21,20:26:43,Completed,856
3834,21,109,Dal Makhani,2024-01-31,21:36:30,Completed,628
3835,55,81,Chicken Tikka,2024-10-17,21:54:03,Completed,453
3836,907,141,Hakka Noodles,2023-05-24,19:12:32,Pending,764
3837,630,77,Veg Momos,2025-01-06,18:34:51,Completed,449
3838,977,179,Paneer Tikka,2025-02-05,14:05:20,Completed,836
3839,226,83,Chole Bhature,2024-07-28,15:57:00,Completed,382
3840,83,156,Farmhouse Pizza,2024-12-02,10:24:57,Completed,378
3841,698,38,Fish Curry,2024-05-01,09:06:06,Pending,871
3842,579,103,Burger,2025-02-26,12:06:04,Completed,866
3843,502,54,Margherita Pizza,2023-07-01,15:31:10,Completed,830
3844,837,192,Butter Chicken,2024-10-10,16:47:32,Completed,921
3845,788,176,Chicken Tikka,2023-05-29,11:51:52,Completed,713
3846,227,116,Farmhouse Pizza,2024-02-13,10:37:44,Completed,448
3847,563,160,Dal Makhani,2025-04-08,13:56:44,Completed,851
3848,214,129,Margherita Pizza,2023-02-14,09:09:30,Completed,221
3849,632,128,Burger,2025-06-10,16:03:02,Completed,645
3850,439,195,Hakka Noodles,2025-06-26,18:31:29,Completed,428
3851,78,3,Margherita Pizza,2025-06-28,17:18:07,Completed,333
3852,612,119,Masala Dosa,2025-03-20,11:29:10,Completed,240
3853,592,77,Masala Dosa,2023-02-23,11:45:48,Completed,120
3854,610,113,Dal Makhani,2024-10-28,22:18:22,Completed,405
3855,904,15,Veg Fried Rice,2023-04-10,19:20:56,Completed,899
3856,820,30,Chicken Biryani,2023-06-26,14:11:48,Cancelled,218
3857,900,62,Caesar Salad,2024-08-23,12:47:39,Completed,484
3858,774,88,Pav Bhaji,2023-05-31,15:24:39,Completed,729
3859,669,61,Idli Sambar,2024-01-24,09:04:48,Completed,633
3860,886,123,Chole Bhature,2023-10-18,18:16:16,Completed,595
3861,493,93,Masala Dosa,2024-12-21,15:36:11,Completed,435
3862,5,175,Chole Bhature,2024-09-03,17:01:59,Completed,672
3863,784,164,Chole Bhature,2023-11-06,09:06:15,Completed,744
3864,762,24,Pav Bhaji,2023-11-14,18:05:18,Completed,646
3865,113,105,Paneer Butter Masala,2024-08-03,18:52:54,Completed,917
3866,202,94,Caesar Salad,2025-02-08,11:28:49,Completed,639
3867,842,173,Burger,2023-02-26,12:52:39,Completed,324
3868,780,102,Veg Fried Rice,2024-08-09,19:17:14,Completed,896
3869,489,124,Idli Sambar,2023-05-21,19:36:48,Completed,496
3870,966,139,Butter Chicken,2025-03-28,21:32:44,Pending,593
3871,271,139,Butter Chicken,2025-01-18,14:53:23,Completed,192
3872,564,98,Burger,2025-02-10,13:30:48,Completed,283
3873,737,61,Chicken Biryani,2023-05-11,11:42:38,Completed,394
3874,288,21,Pav Bhaji,2023-10-16,18:24:33,Completed,673
3875,400,182,Burger,2024-07-05,09:58:49,Completed,426
3876,901,152,Chole Bhature,2024-11-19,18:56:00,Completed,153
3877,411,156,Chicken Biryani,2025-06-03,10:34:31,Completed,302
3878,30,183,Fish Curry,2023-05-02,19:54:43,Completed,324
3879,51,154,Veg Momos,2023-07-27,09:59:21,Completed,666
3880,562,36,Farmhouse Pizza,2024-07-28,20:55:16,Completed,190
3881,716,139,Margherita Pizza,2025-03-23,10:13:17,Cancelled,247
3882,940,55,Fish Curry,2023-02-17,13:24:14,Completed,380
3883,250,45,Chicken Momos,2023-01-14,20:11:13,Pending,853
3884,174,181,Chicken Tikka,2024-05-11,22:07:27,Pending,911
3885,895,123,Veg Fried Rice,2024-04-03,13:21:45,Completed,861
3886,59,118,Chicken Momos,2023-08-25,14:19:53,Completed,333
3887,423,10,Farmhouse Pizza,2024-09-30,15:35:40,Completed,153
3888,3,119,Burger,2023-02-06,20:57:42,Completed,612
3889,877,197,Butter Chicken,2025-01-13,18:44:16,Cancelled,676
3890,880,156,Chole Bhature,2023-03-24,20:29:13,Cancelled,685
3891,63,44,Chicken Biryani,2025-01-07,11:29:14,Cancelled,733
3892,79,199,Veg Biryani,2025-04-01,11:19:35,Completed,878
3893,497,94,Pav Bhaji,2024-06-13,13:38:30,Completed,845
3894,673,82,Dal Makhani,2023-10-06,20:41:10,Pending,558
3895,880,71,Farmhouse Pizza,2025-05-11,16:55:29,Completed,157
3896,667,16,Fish Curry,2025-04-06,13:45:46,Completed,500
3897,948,45,Fish Curry,2023-03-03,11:53:07,Completed,307
3898,480,60,Hakka Noodles,2025-04-15,17:46:43,Completed,166
3899,516,75,Chicken Biryani,2023-02-08,11:07:20,Completed,170
3900,722,173,Pav Bhaji,2024-08-18,20:53:51,Completed,421
3901,686,116,Hakka Noodles,2023-07-24,13:06:18,Completed,351
3902,480,4,Chole Bhature,2024-10-19,18:42:40,Completed,531
3903,477,146,Chole Bhature,2023-01-27,15:42:37,Pending,517
3904,825,69,Paneer Butter Masala,2024-02-29,16:57:26,Completed,493
3905,152,57,Burger,2023-10-09,14:22:22,Cancelled,777
3906,936,102,Masala Dosa,2024-06-28,17:17:03,Completed,583
3907,292,86,Chicken Momos,2023-03-13,12:29:40,Completed,333
3908,744,169,Hakka Noodles,2023-01-19,21:26:00,Completed,454
3909,904,57,Chole Bhature,2023-07-21,20:02:00,Completed,890
3910,107,122,Chicken Biryani,2025-06-19,21:01:43,Cancelled,208
3911,810,197,Burger,2023-01-01,14:08:11,Completed,671
3912,29,48,Masala Dosa,2024-06-22,17:01:28,Completed,474
3913,836,153,Margherita Pizza,2023-11-29,15:38:16,Completed,590
3914,570,85,Veg Biryani,2023-04-07,09:29:49,Completed,406
3915,26,115,Chicken Tikka,2024-05-05,13:36:33,Completed,529
3916,226,162,Butter Chicken,2023-10-18,12:25:02,Completed,859
3917,850,88,Fish Curry,2025-02-15,16:44:03,Completed,733
3918,707,163,Chicken Tikka,2024-02-25,21:44:29,Completed,215
3919,219,181,Veg Biryani,2025-01-11,20:27:29,Completed,300
3920,768,169,Paneer Tikka,2023-11-25,12:49:25,Pending,399
3921,880,157,Caesar Salad,2024-07-20,10:35:15,Completed,854
3922,249,8,Veg Fried Rice,2024-09-08,12:24:03,Completed,215
3923,434,72,Pav Bhaji,2023-04-14,18:50:21,Pending,663
3924,767,140,Hakka Noodles,2024-02-11,19:11:34,Completed,295
3925,713,70,Chicken Biryani,2024-04-08,10:29:50,Cancelled,784
3926,756,115,Paneer Tikka,2025-03-02,10:16:00,Cancelled,366
3927,617,93,Chicken Momos,2023-12-12,09:41:37,Completed,139
3928,393,4,Chole Bhature,2023-07-24,14:38:27,Completed,760
3929,986,117,Butter Chicken,2023-08-29,22:41:34,Completed,777
3930,710,128,Idli Sambar,2023-11-08,15:42:19,Completed,762
3931,915,54,Pav Bhaji,2023-05-15,11:37:03,Completed,444
3932,458,193,Chicken Tikka,2023-06-10,10:00:04,Completed,858
3933,540,159,Farmhouse Pizza,2023-01-10,17:51:08,Cancelled,579
3934,627,79,Fish Curry,2025-02-15,18:35:43,Pending,295
3935,936,41,Margherita Pizza,2023-08-14,21:16:29,Completed,787
3936,230,20,Chicken Tikka,2024-09-09,17:32:03,Completed,161
3937,701,55,Idli Sambar,2025-01-03,17:11:55,Completed,869
3938,427,130,Dal Makhani,2023-06-16,16:59:10,Completed,686
3939,192,24,Hakka Noodles,2023-10-04,20:28:11,Completed,880
3940,65,113,Chicken Biryani,2025-01-18,17:13:23,Completed,372
3941,511,142,Chicken Tikka,2024-10-11,17:55:34,Completed,302
3942,18,122,Chole Bhature,2023-01-31,15:21:34,Completed,305
3943,231,165,Pav Bhaji,2025-03-21,22:33:24,Completed,929
3944,42,9,Masala Dosa,2023-07-11,21:38:46,Cancelled,713
3945,705,17,Butter Chicken,2023-11-25,09:40:53,Completed,389
3946,640,151,Masala Dosa,2025-03-05,20:51:53,Cancelled,530
3947,699,169,Caesar Salad,2025-05-10,12:00:50,Completed,628
3948,105,55,Paneer Butter Masala,2024-11-22,14:10:39,Cancelled,792
3949,950,54,Burger,2023-11-12,13:23:57,Completed,785
3950,690,94,Chole Bhature,2024-04-11,11:03:13,Completed,651
3951,763,23,Butter Chicken,2023-02-24,17:35:16,Completed,818
3952,382,3,Paneer Tikka,2023-01-04,22:51:00,Completed,698
3953,365,46,Margherita Pizza,2024-12-27,12:20:23,Completed,507
3954,690,174,Chicken Biryani,2024-11-14,12:58:48,Completed,567
3955,856,178,Veg Biryani,2023-08-23,19:30:31,Completed,185
3956,747,78,Burger,2023-09-05,22:31:55,Completed,416
3957,284,120,Paneer Tikka,2025-04-11,18:33:09,Completed,255
3958,625,153,Chicken Tikka,2025-06-16,12:33:04,Completed,699
3959,494,145,Burger,2025-02-10,12:27:07,Completed,946
3960,830,152,Veg Biryani,2023-04-08,15:37:12,Completed,222
3961,313,36,Masala Dosa,2023-01-21,10:56:04,Completed,361
3962,622,58,Hakka Noodles,2025-04-13,22:41:36,Completed,892
3963,870,10,Veg Biryani,2024-07-25,19:54:31,Completed,613
3964,327,112,Paneer Butter Masala,2025-06-04,20:15:07,Completed,390
3965,743,134,Margherita Pizza,2023-06-25,09:23:27,Completed,491
3966,528,85,Margherita Pizza,2023-05-20,11:23:06,Completed,161
3967,625,26,Idli Sambar,2024-08-08,13:06:07,Completed,426
3968,684,61,Caesar Salad,2025-05-26,15:12:12,Completed,666
3969,72,50,Fish Curry,2024-11-25,16:22:53,Completed,186
3970,269,53,Chicken Tikka,2024-02-13,22:19:33,Completed,616
3971,970,171,Chole Bhature,2023-11-22,22:52:34,Completed,265
3972,112,1,Paneer Butter Masala,2025-06-29,19:28:50,Completed,175
3973,490,198,Farmhouse Pizza,2023-07-22,14:24:42,Completed,321
3974,429,31,Farmhouse Pizza,2025-05-07,10:34:33,Completed,249
3975,804,46,Idli Sambar,2024-06-18,11:20:51,Completed,688
3976,229,34,Masala Dosa,2023-05-19,22:47:12,Completed,348
3977,41,56,Caesar Salad,2024-10-16,19:29:49,Completed,390
3978,244,199,Veg Fried Rice,2025-04-11,21:49:33,Pending,464
3979,619,158,Veg Momos,2025-05-18,22:19:52,Completed,743
3980,699,23,Caesar Salad,2023-06-23,18:40:25,Completed,440
3981,28,138,Masala Dosa,2024-06-16,10:52:20,Completed,829
3982,658,66,Chicken Momos,2025-06-04,19:04:24,Completed,382
3983,693,1,Hakka Noodles,2023-06-25,21:51:32,Completed,719
3984,313,104,Chicken Biryani,2024-10-28,19:46:24,Completed,726
3985,772,5,Margherita Pizza,2023-07-06,12:16:33,Completed,150
3986,835,150,Burger,2024-02-23,15:55:52,Completed,925
3987,712,169,Veg Fried Rice,2023-01-05,10:23:42,Completed,444
3988,772,39,Burger,2024-01-29,13:08:48,Completed,411
3989,16,95,Caesar Salad,2024-01-31,19:44:58,Completed,948
3990,887,194,Pav Bhaji,2023-01-05,20:20:01,Completed,608
3991,405,149,Margherita Pizza,2025-01-26,11:42:52,Completed,350
3992,783,173,Farmhouse Pizza,2023-07-28,12:58:09,Completed,656
3993,413,108,Paneer Butter Masala,2025-04-20,15:48:01,Completed,776
3994,722,21,Butter Chicken,2024-10-29,17:12:08,Completed,325
3995,522,57,Paneer Tikka,2025-02-10,10:36:28,Completed,169
3996,431,186,Butter Chicken,2024-10-16,20:11:52,Completed,415
3997,736,116,Paneer Butter Masala,2023-06-17,11:56:15,Completed,403
3998,198,106,Farmhouse Pizza,2025-04-09,16:38:08,Completed,587
3999,427,90,Dal Makhani,2025-06-06,09:47:06,Completed,231
4000,10,81,Veg Biryani,2025-03-08,13:40:40,Completed,786
4001,399,55,Farmhouse Pizza,2023-12-04,21:33:32,Completed,698
4002,661,86,Farmhouse Pizza,2025-01-15,10:02:46,Completed,759
4003,486,198,Chole Bhature,2024-05-28,18:23:19,Completed,804
4004,900,44,Masala Dosa,2024-01-25,22:14:30,Cancelled,415
4005,412,132,Dal Makhani,2024-02-07,12:59:04,Completed,539
4006,160,47,Fish Curry,2023-08-08,15:35:43,Completed,215
4007,363,168,Masala Dosa,2024-11-19,21:00:21,Completed,615
4008,86,190,Hakka Noodles,2023-02-24,20:57:32,Completed,523
4009,501,129,Paneer Tikka,2023-03-15,17:35:49,Completed,446
4010,506,150,Masala Dosa,2024-04-28,22:30:53,Completed,508
4011,521,37,Veg Fried Rice,2023-11-04,13:03:08,Completed,287
4012,904,47,Idli Sambar,2023-04-08,14:30:34,Completed,364
4013,529,76,Butter Chicken,2023-03-05,20:27:28,Completed,382
4014,922,36,Veg Fried Rice,2025-04-16,14:01:13,Completed,760
4015,665,184,Hakka Noodles,2023-10-23,17:12:42,Cancelled,833
4016,636,22,Idli Sambar,2023-04-19,13:57:48,Completed,357
4017,190,141,Chole Bhature,2023-07-29,09:25:51,Completed,902
4018,397,167,Paneer Butter Masala,2025-03-12,21:38:04,Completed,379
4019,868,20,Chole Bhature,2023-12-03,19:52:58,Cancelled,903
4020,18,10,Pav Bhaji,2025-01-16,14:47:38,Completed,462
4021,680,33,Paneer Tikka,2024-11-01,22:52:26,Pending,210
4022,927,25,Fish Curry,2023-12-20,13:51:23,Completed,592
4023,609,172,Margherita Pizza,2024-10-25,11:41:28,Completed,297
4024,637,12,Pav Bhaji,2023-12-18,18:31:05,Completed,681
4025,394,156,Idli Sambar,2024-12-20,21:11:38,Completed,707
4026,167,159,Idli Sambar,2024-02-11,18:32:28,Completed,691
4027,324,129,Pav Bhaji,2025-04-26,19:27:04,Completed,828
4028,414,99,Veg Fried Rice,2024-04-11,19:50:12,Completed,400
4029,172,141,Chicken Tikka,2025-06-05,16:46:14,Completed,607
4030,921,3,Fish Curry,2023-12-25,18:04:32,Completed,840
4031,277,49,Burger,2024-11-28,21:20:49,Completed,874
4032,133,190,Pav Bhaji,2024-11-09,13:48:49,Completed,192
4033,345,89,Hakka Noodles,2024-10-04,14:49:20,Completed,607
4034,426,121,Dal Makhani,2024-08-17,12:55:04,Completed,627
4035,515,160,Masala Dosa,2025-05-26,12:08:06,Completed,192
4036,29,80,Dal Makhani,2024-04-27,12:58:32,Completed,731
4037,472,141,Margherita Pizza,2023-03-10,19:17:59,Completed,900
4038,718,21,Idli Sambar,2025-02-14,14:01:56,Completed,880
4039,281,1,Chicken Biryani,2025-04-24,14:17:05,Completed,609
4040,918,13,Veg Fried Rice,2023-12-22,19:39:05,Completed,468
4041,718,48,Idli Sambar,2023-06-20,09:33:52,Completed,831
4042,905,64,Chicken Biryani,2023-11-16,21:59:54,Cancelled,398
4043,537,123,Chicken Biryani,2023-12-04,19:14:22,Completed,310
4044,368,64,Pav Bhaji,2024-05-09,14:40:47,Completed,431
4045,368,50,Veg Momos,2023-10-26,22:39:10,Completed,806
4046,349,70,Chicken Momos,2024-06-06,10:11:36,Cancelled,495
4047,505,107,Farmhouse Pizza,2025-05-12,22:16:08,Completed,806
4048,600,163,Pav Bhaji,2025-05-23,13:56:08,Completed,249
4049,937,172,Fish Curry,2023-12-30,16:38:08,Completed,447
4050,251,200,Butter Chicken,2023-09-23,20:02:26,Pending,639
4051,300,97,Fish Curry,2023-11-11,14:38:03,Completed,636
4052,919,134,Paneer Tikka,2024-09-12,16:20:45,Completed,424
4053,285,178,Dal Makhani,2024-01-31,18:57:12,Cancelled,612
4054,395,167,Fish Curry,2024-10-17,13:00:52,Completed,496
4055,262,135,Veg Biryani,2023-06-28,12:16:50,Completed,561
4056,822,148,Chicken Tikka,2023-04-29,11:30:53,Completed,403
4057,544,120,Veg Momos,2025-02-03,10:17:13,Completed,182
4058,868,87,Paneer Tikka,2023-09-23,14:40:33,Completed,689
4059,351,14,Farmhouse Pizza,2024-03-20,09:44:35,Completed,375
4060,443,61,Fish Curry,2023-07-09,18:18:40,Completed,466
4061,981,20,Paneer Tikka,2024-09-05,19:36:08,Completed,709
4062,242,38,Chicken Tikka,2024-03-30,20:24:01,Completed,590
4063,931,200,Burger,2023-07-21,18:38:24,Completed,381
4064,596,94,Farmhouse Pizza,2023-04-14,18:27:49,Completed,900
4065,818,54,Chicken Tikka,2025-06-15,09:44:29,Pending,382
4066,219,170,Burger,2025-06-05,18:05:26,Completed,863
4067,694,63,Burger,2023-12-03,20:07:15,Completed,822
4068,85,162,Farmhouse Pizza,2025-05-03,19:14:00,Completed,323
4069,436,97,Idli Sambar,2025-06-18,21:39:18,Completed,863
4070,356,135,Veg Momos,2025-04-25,21:54:50,Completed,470
4071,737,124,Chicken Tikka,2023-06-14,13:03:53,Completed,890
4072,980,156,Hakka Noodles,2024-03-17,17:10:41,Completed,345
4073,664,187,Veg Momos,2024-08-29,09:16:57,Completed,422
4074,425,131,Paneer Butter Masala,2023-07-17,10:21:37,Completed,775
4075,755,174,Margherita Pizza,2023-12-19,09:38:03,Completed,635
4076,635,178,Paneer Butter Masala,2025-03-11,20:59:37,Completed,122
4077,969,67,Veg Fried Rice,2023-12-12,15:57:45,Completed,129
4078,263,191,Farmhouse Pizza,2025-01-15,09:06:20,Completed,239
4079,574,33,Paneer Butter Masala,2024-01-26,17:32:54,Completed,383
4080,262,164,Veg Momos,2024-07-18,17:14:46,Completed,681
4081,472,142,Pav Bhaji,2024-06-18,11:10:23,Completed,341
4082,295,119,Hakka Noodles,2024-01-07,10:04:02,Completed,927
4083,377,96,Chole Bhature,2023-12-10,11:28:27,Completed,254
4084,470,178,Burger,2025-01-16,21:56:11,Completed,719
4085,406,68,Farmhouse Pizza,2025-03-27,16:26:16,Completed,917
4086,36,192,Veg Momos,2024-10-08,15:20:13,Completed,697
4087,63,182,Dal Makhani,2023-08-02,21:22:12,Completed,883
4088,887,152,Veg Fried Rice,2025-05-18,17:17:25,Completed,421
4089,250,41,Paneer Butter Masala,2024-08-01,20:09:52,Pending,336
4090,21,4,Masala Dosa,2024-06-08,14:28:44,Completed,260
4091,621,137,Burger,2023-06-27,14:07:34,Completed,126
4092,342,172,Burger,2023-03-20,18:02:33,Completed,766
4093,798,116,Farmhouse Pizza,2023-12-15,13:56:13,Completed,765
4094,114,116,Chole Bhature,2023-03-23,15:32:15,Completed,430
4095,66,47,Farmhouse Pizza,2024-05-03,15:43:12,Pending,345
4096,551,95,Idli Sambar,2025-01-19,22:32:12,Completed,529
4097,634,158,Chicken Tikka,2023-06-22,19:25:18,Completed,674
4098,881,38,Chole Bhature,2024-09-16,22:18:45,Completed,158
4099,886,6,Paneer Tikka,2025-01-02,18:56:54,Completed,863
4100,287,111,Idli Sambar,2023-01-30,21:37:25,Completed,752
4101,758,103,Butter Chicken,2025-01-20,12:35:26,Completed,805
4102,710,177,Chicken Tikka,2024-02-08,15:22:00,Completed,185
4103,945,9,Butter Chicken,2024-09-01,14:59:16,Completed,752
4104,193,44,Margherita Pizza,2024-09-23,13:34:49,Completed,402
4105,303,23,Hakka Noodles,2025-01-23,13:40:05,Cancelled,648
4106,586,53,Burger,2025-06-01,09:55:33,Completed,243
4107,100,187,Masala Dosa,2025-04-21,22:02:30,Completed,805
4108,494,56,Margherita Pizza,2023-04-15,18:52:20,Completed,330
4109,356,26,Veg Fried Rice,2024-06-20,15:40:44,Completed,403
4110,441,40,Margherita Pizza,2024-12-19,18:37:19,Cancelled,941
4111,63,23,Dal Makhani,2024-01-16,16:56:21,Completed,628
4112,359,38,Pav Bhaji,2025-02-05,15:52:47,Completed,387
4113,564,146,Caesar Salad,2023-06-02,10:02:10,Pending,586
4114,600,119,Chicken Tikka,2024-12-09,14:50:51,Completed,680
4115,508,97,Pav Bhaji,2024-08-01,14:54:03,Completed,163
4116,281,120,Hakka Noodles,2024-01-23,14:21:10,Completed,755
4117,736,75,Paneer Butter Masala,2024-08-14,19:24:31,Completed,407
4118,149,35,Paneer Tikka,2025-05-05,20:23:06,Completed,590
4119,874,154,Burger,2023-08-20,20:20:02,Completed,175
4120,340,64,Dal Makhani,2024-02-28,16:58:12,Completed,774
4121,965,107,Margherita Pizza,2024-02-19,17:53:23,Completed,802
4122,884,41,Masala Dosa,2024-10-16,13:18:50,Completed,570
4123,373,35,Butter Chicken,2023-03-17,09:44:33,Completed,175
4124,720,199,Chicken Momos,2025-06-14,20:26:39,Completed,610
4125,420,136,Paneer Tikka,2024-06-01,13:47:40,Completed,340
4126,524,117,Chicken Tikka,2024-08-21,17:52:05,Completed,185
4127,492,27,Burger,2023-09-27,22:35:43,Pending,174
4128,80,114,Pav Bhaji,2023-06-02,11:34:43,Completed,325
4129,346,60,Fish Curry,2023-11-28,21:42:37,Completed,487
4130,103,73,Paneer Butter Masala,2024-05-27,12:49:30,Completed,785
4131,168,75,Farmhouse Pizza,2025-04-10,15:18:21,Cancelled,342
4132,665,25,Paneer Tikka,2024-06-21,15:17:50,Completed,651
4133,478,180,Farmhouse Pizza,2023-11-15,20:50:27,Completed,408
4134,225,139,Farmhouse Pizza,2025-03-07,20:14:16,Completed,153
4135,687,189,Burger,2025-05-20,17:55:11,Completed,915
4136,954,143,Butter Chicken,2025-01-03,13:01:03,Completed,677
4137,110,161,Hakka Noodles,2025-02-26,19:37:02,Completed,486
4138,966,123,Veg Momos,2023-03-27,13:45:20,Completed,614
4139,451,91,Paneer Tikka,2024-01-15,09:14:58,Completed,873
4140,94,157,Farmhouse Pizza,2023-01-26,15:13:17,Completed,776
4141,118,76,Veg Momos,2023-06-19,15:03:07,Cancelled,749
4142,618,34,Chole Bhature,2023-12-09,11:09:12,Completed,175
4143,525,84,Farmhouse Pizza,2025-05-19,21:35:13,Completed,816
4144,840,73,Paneer Tikka,2023-12-05,14:39:23,Completed,721
4145,617,42,Veg Fried Rice,2025-01-11,14:08:34,Completed,752
4146,151,131,Margherita Pizza,2023-04-13,14:03:26,Completed,219
4147,498,20,Chicken Momos,2024-11-28,19:11:12,Completed,174
4148,711,102,Farmhouse Pizza,2023-10-20,18:10:03,Completed,405
4149,222,98,Veg Momos,2023-09-24,10:48:26,Completed,792
4150,364,15,Chicken Biryani,2023-03-11,18:29:10,Completed,805
4151,667,33,Fish Curry,2023-04-06,22:06:36,Cancelled,914
4152,711,182,Fish Curry,2023-10-14,10:41:31,Completed,805
4153,819,48,Fish Curry,2023-07-03,22:51:00,Completed,298
4154,84,39,Margherita Pizza,2025-05-13,11:56:28,Completed,400
4155,192,81,Butter Chicken,2023-01-08,14:37:25,Completed,196
4156,27,10,Dal Makhani,2023-03-31,09:13:14,Completed,429
4157,440,170,Margherita Pizza,2025-02-01,15:33:17,Completed,331
4158,547,171,Pav Bhaji,2024-08-29,15:01:35,Completed,607
4159,593,133,Chicken Biryani,2023-08-23,16:38:42,Completed,364
4160,664,87,Hakka Noodles,2024-06-03,12:56:14,Completed,355
4161,325,74,Idli Sambar,2024-12-27,17:22:54,Cancelled,313
4162,96,162,Fish Curry,2024-01-01,19:02:01,Completed,375
4163,417,106,Idli Sambar,2024-01-23,16:46:10,Completed,245
4164,146,72,Fish Curry,2023-07-13,20:20:20,Pending,464
4165,280,119,Chole Bhature,2024-07-09,10:46:40,Completed,213
4166,646,182,Veg Biryani,2024-11-02,14:19:15,Completed,460
4167,393,64,Paneer Butter Masala,2024-05-28,09:05:28,Completed,934
4168,184,102,Caesar Salad,2025-01-12,22:33:03,Completed,938
4169,203,43,Veg Momos,2024-01-29,10:18:24,Completed,579
4170,610,107,Chicken Tikka,2025-01-20,21:58:25,Completed,193
4171,253,129,Dal Makhani,2023-05-08,12:50:10,Completed,280
4172,199,184,Paneer Butter Masala,2024-11-12,09:40:00,Completed,335
4173,197,177,Pav Bhaji,2023-05-11,15:40:32,Completed,179
4174,784,100,Fish Curry,2024-05-22,16:46:48,Completed,798
4175,84,69,Chole Bhature,2025-04-23,16:11:56,Completed,549
4176,144,89,Masala Dosa,2023-02-03,17:12:36,Completed,792
4177,544,92,Butter Chicken,2025-04-23,21:07:00,Completed,832
4178,63,22,Chicken Momos,2023-10-10,10:35:51,Completed,444
4179,184,158,Farmhouse Pizza,2025-03-30,11:15:40,Completed,368
4180,510,26,Paneer Butter Masala,2025-04-15,19:08:25,Completed,320
4181,959,54,Farmhouse Pizza,2024-09-04,16:47:59,Completed,367
4182,700,30,Paneer Butter Masala,2024-04-14,13:02:40,Completed,215
4183,590,137,Fish Curry,2024-02-02,09:46:19,Completed,249
4184,806,10,Idli Sambar,2023-03-28,11:32:56,Completed,146
4185,18,160,Paneer Butter Masala,2024-05-04,13:38:30,Completed,436
4186,682,54,Chicken Momos,2024-10-13,18:31:21,Completed,377
4187,887,112,Paneer Tikka,2024-12-30,10:09:52,Completed,328
4188,918,31,Caesar Salad,2023-02-10,20:31:57,Completed,385
4189,812,60,Paneer Tikka,2024-04-17,09:24:56,Completed,215
4190,937,45,Pav Bhaji,2025-01-16,19:32:16,Completed,609
4191,822,128,Veg Fried Rice,2023-11-24,14:28:09,Cancelled,460
4192,517,93,Chicken Tikka,2025-04-29,09:39:41,Cancelled,922
4193,975,50,Paneer Butter Masala,2024-10-23,11:41:51,Completed,889
4194,873,139,Veg Momos,2023-05-22,14:36:57,Completed,433
4195,925,175,Burger,2023-05-29,16:38:54,Completed,235
4196,884,163,Chicken Momos,2024-07-30,10:27:22,Completed,349
4197,128,100,Veg Momos,2023-03-15,17:59:49,Completed,649
4198,59,41,Burger,2023-10-18,17:14:19,Completed,594
4199,626,54,Paneer Tikka,2025-03-30,10:15:14,Completed,477
4200,288,20,Masala Dosa,2024-07-01,14:45:53,Completed,780
4201,856,41,Chicken Tikka,2023-01-22,22:16:21,Completed,309
4202,26,158,Masala Dosa,2025-04-24,10:43:56,Completed,707
4203,603,61,Paneer Tikka,2023-03-09,19:12:26,Completed,286
4204,606,38,Masala Dosa,2023-01-01,11:11:24,Completed,892
4205,56,178,Chole Bhature,2023-10-13,12:13:16,Pending,627
4206,496,11,Veg Biryani,2023-02-14,15:09:27,Completed,572
4207,32,152,Margherita Pizza,2023-06-19,17:57:48,Completed,191
4208,305,109,Veg Biryani,2023-09-28,21:50:04,Completed,925
4209,697,132,Pav Bhaji,2024-12-13,10:39:42,Completed,716
4210,925,147,Margherita Pizza,2023-11-11,11:01:36,Completed,627
4211,144,118,Chicken Momos,2024-03-15,17:00:27,Completed,343
4212,901,108,Fish Curry,2023-10-04,19:32:47,Completed,871
4213,608,134,Masala Dosa,2024-06-07,20:52:04,Completed,911
4214,643,159,Margherita Pizza,2023-12-17,15:56:20,Completed,464
4215,816,82,Butter Chicken,2025-03-01,22:40:27,Completed,717
4216,623,129,Pav Bhaji,2025-05-21,09:41:11,Completed,146
4217,893,38,Chole Bhature,2023-09-17,21:59:23,Completed,661
4218,800,42,Paneer Butter Masala,2024-08-13,13:45:52,Completed,530
4219,950,79,Burger,2024-05-05,10:57:25,Completed,569
4220,765,9,Caesar Salad,2024-01-20,17:57:09,Completed,874
4221,433,66,Veg Fried Rice,2024-08-21,20:31:16,Completed,424
4222,946,161,Veg Fried Rice,2023-10-01,16:03:33,Completed,555
4223,739,98,Burger,2023-05-02,09:40:31,Completed,798
4224,732,160,Hakka Noodles,2023-01-23,19:12:04,Completed,391
4225,190,76,Margherita Pizza,2023-04-02,17:35:49,Completed,677
4226,246,141,Idli Sambar,2023-02-08,09:49:40,Completed,816
4227,641,186,Paneer Tikka,2024-01-20,17:31:33,Completed,175
4228,141,148,Pav Bhaji,2024-10-10,09:21:28,Cancelled,856
4229,448,155,Caesar Salad,2023-07-14,17:52:01,Completed,810
4230,828,98,Hakka Noodles,2025-02-22,15:57:59,Completed,586
4231,453,131,Dal Makhani,2024-05-01,13:11:52,Completed,906
4232,507,146,Margherita Pizza,2023-10-29,13:58:41,Completed,470
4233,834,184,Chicken Tikka,2024-11-21,10:03:19,Completed,649
4234,619,139,Paneer Butter Masala,2024-07-20,15:49:57,Completed,620
4235,22,93,Chole Bhature,2023-02-17,11:19:23,Completed,421
4236,273,8,Dal Makhani,2024-05-14,10:44:39,Completed,813
4237,356,198,Burger,2023-01-26,12:50:48,Completed,715
4238,768,100,Hakka Noodles,2023-08-20,16:07:16,Completed,200
4239,163,78,Chole Bhature,2025-06-05,14:39:36,Completed,851
4240,238,49,Butter Chicken,2025-05-25,22:04:51,Completed,694
4241,697,185,Chicken Momos,2025-04-09,12:33:57,Completed,185
4242,431,68,Veg Biryani,2024-11-09,12:02:49,Completed,633
4243,253,166,Pav Bhaji,2023-10-20,13:38:45,Completed,383
4244,433,118,Veg Biryani,2024-08-08,19:18:08,Completed,477
4245,130,152,Veg Momos,2024-04-30,15:38:40,Completed,127
4246,997,168,Chole Bhature,2023-12-22,21:37:34,Completed,609
4247,173,179,Burger,2023-04-30,15:39:16,Completed,415
4248,754,109,Margherita Pizza,2025-03-14,14:25:17,Completed,160
4249,29,170,Veg Fried Rice,2024-02-22,15:17:49,Completed,895
4250,399,134,Farmhouse Pizza,2025-01-03,19:46:29,Completed,245
4251,938,37,Chole Bhature,2023-05-08,22:58:39,Completed,751
4252,471,65,Veg Momos,2024-05-31,14:09:37,Completed,256
4253,171,56,Dal Makhani,2025-06-29,16:41:33,Completed,785
4254,563,98,Chicken Biryani,2024-09-28,12:21:09,Cancelled,418
4255,758,50,Farmhouse Pizza,2025-05-19,17:34:07,Completed,582
4256,945,180,Hakka Noodles,2024-10-15,13:05:18,Completed,459
4257,349,126,Paneer Butter Masala,2024-10-19,12:28:55,Completed,582
4258,675,158,Veg Momos,2024-11-21,21:17:06,Completed,730
4259,523,140,Paneer Butter Masala,2024-12-24,11:41:44,Completed,476
4260,783,9,Chole Bhature,2025-01-16,15:01:13,Completed,272
4261,982,31,Veg Momos,2023-01-01,17:32:42,Completed,645
4262,416,99,Chicken Tikka,2025-03-21,15:03:50,Cancelled,192
4263,128,189,Paneer Butter Masala,2023-02-25,17:54:52,Completed,732
4264,215,21,Burger,2024-10-09,14:53:24,Completed,272
4265,815,92,Chole Bhature,2025-02-28,21:25:49,Completed,196
4266,959,159,Idli Sambar,2024-12-08,17:58:46,Completed,489
4267,964,100,Hakka Noodles,2025-05-04,16:51:19,Completed,234
4268,823,40,Farmhouse Pizza,2024-07-14,16:28:04,Completed,275
4269,159,52,Veg Momos,2023-05-29,17:17:55,Completed,523
4270,30,189,Pav Bhaji,2025-03-16,11:54:53,Completed,725
4271,128,147,Veg Fried Rice,2024-08-04,20:25:48,Completed,227
4272,337,56,Idli Sambar,2024-02-09,19:44:45,Completed,376
4273,645,75,Pav Bhaji,2024-10-02,11:27:46,Completed,661
4274,847,50,Fish Curry,2025-03-20,13:16:13,Completed,276
4275,199,119,Masala Dosa,2025-04-22,14:37:22,Pending,616
4276,815,2,Caesar Salad,2024-07-29,16:06:51,Completed,858
4277,608,134,Veg Momos,2023-12-04,09:36:32,Completed,566
4278,318,194,Chicken Momos,2023-11-08,10:36:08,Completed,352
4279,78,49,Veg Fried Rice,2024-10-05,16:19:31,Completed,471
4280,530,7,Masala Dosa,2025-04-02,12:59:12,Completed,867
4281,771,176,Chicken Tikka,2024-07-21,13:42:27,Completed,283
4282,815,127,Chole Bhature,2024-02-16,20:07:30,Completed,351
4283,98,54,Veg Momos,2025-06-24,12:47:02,Completed,343
4284,900,7,Pav Bhaji,2024-09-24,12:42:28,Pending,929
4285,277,176,Dal Makhani,2024-04-30,15:55:23,Completed,725
4286,543,175,Idli Sambar,2023-07-10,15:29:32,Completed,144
4287,122,126,Chicken Biryani,2024-11-22,12:55:16,Completed,344
4288,266,99,Margherita Pizza,2023-07-24,19:05:04,Completed,540
4289,594,69,Masala Dosa,2023-10-16,11:09:56,Completed,659
4290,848,184,Chole Bhature,2024-01-26,20:37:52,Completed,208
4291,322,9,Caesar Salad,2024-06-24,12:09:25,Completed,252
4292,548,27,Chole Bhature,2025-06-29,20:41:28,Completed,456
4293,7,171,Masala Dosa,2025-02-24,12:12:36,Completed,905
4294,980,68,Masala Dosa,2024-07-01,12:37:43,Completed,762
4295,861,168,Hakka Noodles,2023-12-09,10:41:58,Completed,692
4296,421,41,Pav Bhaji,2025-03-25,14:55:58,Completed,209
4297,844,60,Paneer Butter Masala,2024-07-21,19:57:37,Completed,659
4298,988,1,Butter Chicken,2024-03-14,15:54:43,Cancelled,557
4299,753,128,Chicken Momos,2023-06-10,14:34:13,Completed,417
4300,276,163,Dal Makhani,2024-01-25,20:59:47,Completed,943
4301,913,80,Chicken Tikka,2023-07-25,18:51:19,Completed,720
4302,722,87,Chicken Tikka,2024-12-26,11:42:28,Completed,578
4303,618,145,Hakka Noodles,2024-08-30,10:37:14,Completed,853
4304,101,114,Chole Bhature,2025-02-13,15:05:51,Completed,397
4305,819,12,Masala Dosa,2023-03-24,19:40:57,Completed,425
4306,698,102,Masala Dosa,2024-07-22,16:35:16,Completed,687
4307,841,154,Margherita Pizza,2023-10-10,21:31:39,Completed,275
4308,294,78,Masala Dosa,2024-05-06,09:19:51,Completed,154
4309,411,81,Masala Dosa,2023-02-21,19:08:16,Completed,866
4310,41,100,Fish Curry,2023-09-30,13:47:01,Completed,852
4311,112,80,Farmhouse Pizza,2023-08-22,20:58:39,Completed,743
4312,603,194,Veg Biryani,2023-11-04,18:30:18,Cancelled,373
4313,924,115,Dal Makhani,2023-11-28,20:01:15,Completed,362
4314,462,55,Butter Chicken,2025-02-13,22:58:49,Completed,524
4315,255,43,Paneer Tikka,2024-09-04,16:46:13,Completed,687
4316,35,63,Idli Sambar,2025-04-04,09:48:50,Pending,356
4317,86,59,Caesar Salad,2023-10-14,19:50:18,Completed,451
4318,783,131,Margherita Pizza,2024-08-12,16:21:47,Completed,729
4319,409,181,Burger,2023-03-07,10:37:57,Cancelled,361
4320,27,61,Chicken Momos,2024-12-28,15:15:44,Completed,797
4321,435,199,Butter Chicken,2025-01-17,15:52:03,Completed,923
4322,88,63,Farmhouse Pizza,2023-08-26,10:11:20,Completed,729
4323,844,60,Veg Momos,2025-04-30,11:08:31,Pending,326
4324,498,62,Farmhouse Pizza,2023-06-24,16:16:10,Completed,378
4325,323,6,Burger,2025-01-27,12:30:51,Completed,572
4326,666,20,Pav Bhaji,2023-09-12,16:02:32,Cancelled,353
4327,623,42,Paneer Tikka,2025-04-05,13:29:07,Completed,880
4328,809,151,Burger,2023-01-02,22:58:52,Pending,391
4329,789,137,Caesar Salad,2024-04-02,10:44:56,Completed,469
4330,701,70,Chicken Tikka,2025-05-30,15:48:53,Pending,239
4331,456,160,Margherita Pizza,2023-02-15,10:59:46,Completed,386
4332,94,114,Paneer Tikka,2024-08-06,10:30:51,Completed,131
4333,787,66,Paneer Tikka,2023-01-21,14:22:12,Completed,785
4334,971,86,Paneer Tikka,2023-02-20,22:51:29,Completed,362
4335,351,185,Butter Chicken,2023-09-19,14:45:06,Cancelled,688
4336,272,90,Veg Fried Rice,2024-11-15,18:05:21,Completed,513
4337,144,144,Burger,2024-10-03,15:58:31,Completed,245
4338,983,55,Hakka Noodles,2023-08-13,15:17:28,Completed,818
4339,911,153,Chicken Biryani,2024-12-08,10:02:53,Cancelled,404
4340,229,65,Caesar Salad,2024-10-19,17:35:00,Pending,613
4341,420,145,Hakka Noodles,2024-05-28,17:47:51,Completed,692
4342,368,53,Farmhouse Pizza,2023-04-10,20:16:09,Completed,806
4343,468,37,Pav Bhaji,2023-12-02,21:14:41,Completed,263
4344,99,159,Veg Fried Rice,2023-04-14,19:35:19,Completed,932
4345,160,152,Idli Sambar,2023-01-11,12:10:33,Completed,886
4346,744,141,Farmhouse Pizza,2024-10-07,19:52:20,Completed,245
4347,801,42,Veg Fried Rice,2024-06-17,20:17:46,Completed,144
4348,84,12,Masala Dosa,2024-02-08,09:11:19,Completed,435
4349,66,172,Chicken Momos,2024-09-16,09:06:54,Completed,301
4350,218,68,Burger,2024-07-14,11:46:42,Completed,137
4351,521,114,Chicken Biryani,2025-05-20,16:30:31,Completed,674
4352,267,47,Idli Sambar,2024-10-05,16:43:58,Completed,852
4353,778,180,Paneer Tikka,2024-03-03,19:03:11,Completed,141
4354,918,13,Pav Bhaji,2024-07-15,13:47:41,Completed,359
4355,821,29,Pav Bhaji,2025-02-20,17:32:18,Completed,485
4356,106,54,Veg Momos,2024-02-09,16:33:19,Completed,233
4357,487,36,Masala Dosa,2023-01-20,11:55:55,Completed,778
4358,715,42,Pav Bhaji,2024-02-02,13:06:15,Completed,501
4359,364,12,Chole Bhature,2024-10-07,22:25:50,Completed,280
4360,70,31,Hakka Noodles,2023-03-27,17:49:48,Completed,918
4361,838,126,Pav Bhaji,2024-11-05,10:27:41,Completed,346
4362,57,91,Masala Dosa,2023-04-25,18:11:33,Completed,936
4363,799,66,Veg Momos,2023-12-13,21:50:03,Completed,340
4364,831,90,Dal Makhani,2025-03-12,14:23:21,Completed,620
4365,450,154,Paneer Butter Masala,2023-07-05,16:34:02,Completed,340
4366,360,39,Paneer Tikka,2024-11-16,22:01:46,Completed,795
4367,614,118,Chole Bhature,2023-01-24,13:13:29,Completed,489
4368,248,93,Margherita Pizza,2024-12-05,21:19:03,Completed,580
4369,160,88,Farmhouse Pizza,2024-12-25,18:59:24,Completed,577
4370,393,182,Margherita Pizza,2025-01-03,09:29:23,Pending,802
4371,522,21,Chicken Momos,2025-05-14,22:36:40,Cancelled,776
4372,993,159,Paneer Butter Masala,2023-04-02,22:03:28,Completed,720
4373,247,158,Caesar Salad,2025-04-09,21:37:18,Pending,713
4374,26,2,Veg Momos,2025-06-20,20:22:25,Completed,648
4375,832,60,Paneer Butter Masala,2023-02-14,11:09:29,Completed,147
4376,713,113,Chicken Biryani,2024-07-20,16:55:28,Completed,870
4377,924,82,Chicken Biryani,2024-05-29,12:33:47,Completed,617
4378,456,186,Veg Fried Rice,2023-09-23,19:59:51,Completed,677
4379,1,9,Margherita Pizza,2025-01-31,20:02:41,Completed,531
4380,21,30,Masala Dosa,2023-03-13,17:46:01,Completed,389
4381,378,83,Margherita Pizza,2024-04-08,18:52:31,Completed,802
4382,596,195,Veg Momos,2025-01-05,10:07:15,Completed,149
4383,373,119,Veg Momos,2024-12-11,09:49:24,Completed,236
4384,687,77,Butter Chicken,2024-08-06,20:25:04,Completed,645
4385,475,16,Veg Fried Rice,2023-01-19,21:35:46,Completed,316
4386,377,160,Margherita Pizza,2023-01-23,17:04:59,Pending,809
4387,549,162,Chicken Momos,2025-01-18,22:26:25,Completed,181
4388,679,200,Paneer Butter Masala,2024-11-11,17:49:48,Completed,786
4389,452,189,Burger,2025-03-19,13:05:55,Completed,783
4390,368,117,Veg Momos,2023-05-08,12:21:52,Completed,489
4391,154,183,Fish Curry,2025-06-27,22:24:10,Pending,728
4392,682,3,Veg Fried Rice,2025-02-02,16:45:47,Completed,271
4393,754,4,Hakka Noodles,2024-02-05,10:20:30,Completed,528
4394,268,73,Veg Biryani,2024-03-26,14:00:44,Completed,485
4395,773,164,Chicken Biryani,2024-05-11,18:40:46,Completed,697
4396,284,171,Dal Makhani,2023-04-22,18:40:26,Completed,253
4397,978,170,Burger,2023-12-22,15:30:13,Completed,368
4398,749,17,Masala Dosa,2023-02-02,10:52:51,Completed,775
4399,973,65,Idli Sambar,2023-10-12,20:38:59,Completed,360
4400,736,146,Fish Curry,2025-04-05,13:46:13,Completed,295
4401,223,124,Veg Biryani,2024-09-06,11:54:45,Completed,422
4402,220,48,Veg Fried Rice,2023-10-26,13:05:07,Cancelled,288
4403,809,70,Chicken Biryani,2025-02-01,09:21:52,Completed,862
4404,274,146,Margherita Pizza,2025-05-14,09:20:05,Completed,773
4405,138,101,Paneer Tikka,2025-01-15,18:44:01,Completed,125
4406,408,9,Butter Chicken,2024-09-06,16:54:08,Completed,703
4407,42,175,Margherita Pizza,2025-04-18,11:43:55,Completed,841
4408,463,126,Burger,2023-07-28,10:49:43,Completed,798
4409,302,100,Fish Curry,2025-03-04,15:02:44,Completed,269
4410,869,10,Paneer Butter Masala,2024-07-26,18:47:43,Completed,792
4411,581,26,Hakka Noodles,2024-08-09,18:53:09,Completed,906
4412,145,121,Margherita Pizza,2024-01-02,14:04:45,Completed,580
4413,84,23,Idli Sambar,2024-09-08,10:48:48,Completed,813
4414,384,26,Burger,2023-12-25,11:15:53,Completed,286
4415,653,77,Chole Bhature,2023-02-19,13:50:50,Pending,421
4416,281,180,Chole Bhature,2023-05-03,22:51:11,Completed,950
4417,405,98,Caesar Salad,2023-09-06,14:02:26,Completed,376
4418,59,65,Chicken Tikka,2024-05-14,12:19:44,Completed,533
4419,382,115,Masala Dosa,2023-06-29,17:34:08,Completed,711
4420,957,61,Margherita Pizza,2024-10-28,16:29:21,Cancelled,911
4421,170,173,Fish Curry,2024-04-15,11:18:49,Cancelled,368
4422,460,54,Veg Biryani,2023-09-30,20:54:12,Completed,427
4423,590,13,Butter Chicken,2025-05-19,17:43:21,Cancelled,856
4424,888,182,Chicken Biryani,2024-03-16,20:54:02,Completed,525
4425,824,53,Hakka Noodles,2025-04-14,12:28:17,Pending,230
4426,384,178,Chicken Momos,2023-11-22,14:45:41,Pending,317
4427,244,100,Pav Bhaji,2023-01-10,21:55:50,Completed,716
4428,938,172,Veg Biryani,2023-03-25,13:09:39,Completed,599
4429,614,20,Burger,2024-05-09,19:03:49,Completed,184
4430,539,156,Hakka Noodles,2024-06-06,10:34:55,Completed,757
4431,317,51,Idli Sambar,2023-04-18,13:01:53,Completed,578
4432,751,153,Veg Biryani,2023-01-08,16:39:00,Completed,915
4433,401,51,Fish Curry,2024-04-24,22:19:20,Completed,427
4434,239,83,Fish Curry,2025-05-07,17:22:47,Pending,934
4435,337,165,Paneer Tikka,2025-02-05,11:18:49,Completed,855
4436,765,26,Paneer Butter Masala,2023-04-15,21:21:39,Completed,472
4437,201,21,Margherita Pizza,2023-12-11,12:45:24,Cancelled,465
4438,152,118,Idli Sambar,2023-06-19,19:13:01,Completed,728
4439,837,184,Paneer Butter Masala,2025-06-08,15:08:16,Completed,526
4440,998,102,Farmhouse Pizza,2023-04-19,20:56:35,Completed,296
4441,669,75,Dal Makhani,2024-07-02,20:11:11,Completed,348
4442,776,14,Burger,2025-02-27,11:14:59,Cancelled,304
4443,925,11,Veg Momos,2024-08-05,19:46:46,Completed,937
4444,468,172,Farmhouse Pizza,2023-03-08,20:37:41,Completed,538
4445,544,124,Paneer Butter Masala,2023-10-09,09:09:35,Pending,519
4446,51,49,Hakka Noodles,2023-10-13,18:37:08,Completed,694
4447,637,140,Veg Biryani,2025-02-23,10:32:39,Completed,947
4448,96,192,Burger,2024-06-28,20:53:47,Cancelled,404
4449,267,24,Butter Chicken,2024-01-25,20:36:35,Completed,834
4450,898,200,Chicken Tikka,2025-05-29,20:27:50,Completed,760
4451,169,199,Masala Dosa,2023-06-13,21:13:06,Completed,445
4452,126,193,Masala Dosa,2023-12-24,17:28:11,Completed,649
4453,576,94,Chole Bhature,2023-04-25,12:56:13,Completed,558
4454,671,123,Chicken Biryani,2025-03-02,10:56:47,Completed,384
4455,195,139,Fish Curry,2024-02-16,15:36:08,Completed,756
4456,449,157,Butter Chicken,2023-03-22,17:30:23,Completed,145
4457,972,200,Margherita Pizza,2023-10-07,14:12:55,Completed,466
4458,843,178,Pav Bhaji,2025-01-31,19:51:01,Completed,198
4459,699,127,Burger,2024-06-07,09:35:54,Completed,251
4460,381,133,Margherita Pizza,2024-05-17,22:35:20,Completed,733
4461,53,115,Chicken Biryani,2023-06-07,16:13:48,Completed,878
4462,995,134,Paneer Butter Masala,2023-11-03,17:27:13,Completed,124
4463,945,188,Chicken Momos,2025-05-31,22:58:12,Completed,340
4464,755,129,Butter Chicken,2023-11-27,16:01:05,Cancelled,695
4465,535,49,Veg Fried Rice,2024-02-06,21:39:25,Completed,350
4466,281,147,Paneer Butter Masala,2025-06-22,18:27:31,Completed,315
4467,244,47,Burger,2025-01-10,17:03:40,Completed,561
4468,370,100,Butter Chicken,2023-02-02,16:33:49,Completed,486
4469,275,110,Masala Dosa,2025-03-11,16:06:43,Completed,473
4470,642,67,Idli Sambar,2024-06-26,10:55:47,Completed,288
4471,571,176,Paneer Tikka,2024-11-28,18:50:54,Completed,806
4472,517,147,Farmhouse Pizza,2023-07-17,20:40:02,Completed,548
4473,764,152,Veg Biryani,2024-08-12,20:05:19,Completed,794
4474,13,123,Caesar Salad,2024-10-02,22:14:44,Completed,690
4475,475,19,Butter Chicken,2023-04-17,18:02:35,Pending,774
4476,975,95,Farmhouse Pizza,2024-07-20,19:04:11,Cancelled,635
4477,52,26,Chicken Tikka,2025-05-17,20:44:37,Pending,249
4478,173,71,Dal Makhani,2024-07-23,09:56:02,Completed,347
4479,569,99,Paneer Tikka,2023-01-09,10:12:36,Completed,430
4480,793,21,Paneer Butter Masala,2025-06-15,21:50:55,Completed,637
4481,586,174,Hakka Noodles,2024-03-26,15:43:55,Cancelled,378
4482,532,115,Chicken Tikka,2023-07-25,20:33:36,Completed,418
4483,471,184,Chole Bhature,2024-09-05,12:09:05,Completed,303
4484,93,177,Butter Chicken,2025-06-07,20:32:44,Completed,230
4485,377,41,Pav Bhaji,2024-07-04,17:37:36,Completed,806
4486,400,111,Idli Sambar,2023-09-10,11:56:38,Completed,363
4487,43,144,Veg Fried Rice,2024-05-16,16:47:11,Completed,221
4488,262,199,Pav Bhaji,2023-03-22,13:12:14,Completed,845
4489,484,200,Masala Dosa,2023-03-14,16:33:07,Completed,851
4490,743,11,Dal Makhani,2023-12-03,12:17:02,Completed,242
4491,129,142,Veg Fried Rice,2023-08-03,19:11:07,Completed,130
4492,81,148,Hakka Noodles,2024-11-21,10:13:35,Cancelled,856
4493,737,129,Chole Bhature,2024-09-29,09:46:54,Completed,430
4494,663,129,Margherita Pizza,2025-05-31,15:42:59,Completed,844
4495,451,73,Margherita Pizza,2024-07-27,12:17:02,Completed,896
4496,265,72,Pav Bhaji,2024-01-06,12:24:27,Completed,307
4497,649,97,Paneer Butter Masala,2025-05-06,11:08:06,Completed,144
4498,685,119,Fish Curry,2024-08-15,14:21:43,Completed,449
4499,369,126,Fish Curry,2023-03-07,09:20:18,Completed,349
4500,442,9,Dal Makhani,2023-04-25,19:43:37,Completed,648
4501,435,135,Veg Fried Rice,2023-06-25,18:45:49,Completed,274
4502,538,181,Veg Fried Rice,2024-08-10,11:49:32,Completed,502
4503,73,192,Farmhouse Pizza,2023-07-17,22:26:24,Completed,815
4504,746,133,Fish Curry,2025-04-02,13:23:53,Completed,547
4505,296,9,Caesar Salad,2024-09-17,12:04:03,Completed,340
4506,830,79,Veg Fried Rice,2025-03-09,12:52:34,Completed,160
4507,663,72,Burger,2025-03-17,15:20:10,Completed,784
4508,404,192,Butter Chicken,2023-10-25,17:27:34,Completed,216
4509,556,183,Chicken Momos,2024-08-31,22:04:18,Completed,893
4510,628,102,Fish Curry,2023-08-19,20:33:49,Completed,143
4511,283,8,Veg Biryani,2025-05-11,16:56:53,Completed,718
4512,306,105,Chicken Biryani,2024-08-26,14:12:16,Completed,658
4513,779,132,Farmhouse Pizza,2023-11-03,14:50:28,Completed,645
4514,801,109,Hakka Noodles,2023-09-21,19:00:26,Completed,699
4515,261,195,Veg Biryani,2025-04-14,20:48:02,Completed,145
4516,706,77,Chicken Biryani,2023-04-26,10:23:37,Completed,626
4517,93,183,Paneer Butter Masala,2023-05-14,16:43:06,Completed,450
4518,747,20,Chole Bhature,2024-12-01,17:11:24,Pending,658
4519,592,66,Paneer Tikka,2023-04-07,12:30:03,Completed,192
4520,233,17,Paneer Tikka,2025-02-11,09:54:27,Completed,552
4521,154,14,Idli Sambar,2024-04-17,09:41:22,Completed,304
4522,703,28,Veg Biryani,2024-10-20,12:02:02,Completed,883
4523,626,104,Veg Momos,2024-07-12,19:50:05,Completed,222
4524,524,48,Caesar Salad,2023-06-28,20:39:40,Completed,327
4525,415,178,Caesar Salad,2025-06-09,09:43:57,Pending,351
4526,783,47,Margherita Pizza,2025-06-23,20:25:54,Completed,472
4527,342,160,Margherita Pizza,2024-09-02,09:17:40,Completed,292
4528,733,6,Idli Sambar,2024-06-30,16:44:59,Completed,652
4529,516,178,Veg Momos,2024-10-10,20:59:37,Completed,648
4530,585,173,Fish Curry,2024-03-19,12:13:10,Completed,546
4531,636,33,Paneer Butter Masala,2024-06-26,19:39:14,Completed,829
4532,878,63,Masala Dosa,2023-09-13,17:51:12,Completed,881
4533,874,137,Chicken Biryani,2025-03-25,13:29:05,Completed,419
4534,678,94,Chole Bhature,2024-12-27,19:23:07,Completed,278
4535,988,60,Margherita Pizza,2023-08-18,22:01:08,Completed,578
4536,730,159,Masala Dosa,2024-01-15,15:29:22,Completed,310
4537,635,69,Butter Chicken,2024-05-14,19:50:54,Completed,379
4538,43,34,Idli Sambar,2023-01-13,14:12:37,Completed,539
4539,559,90,Butter Chicken,2024-12-21,12:57:04,Completed,705
4540,180,119,Chicken Tikka,2023-10-23,12:09:15,Completed,209
4541,914,184,Veg Biryani,2023-12-02,09:53:09,Completed,257
4542,204,26,Veg Momos,2023-12-10,19:42:30,Completed,708
4543,503,36,Chicken Biryani,2025-06-05,20:38:17,Pending,667
4544,782,133,Chicken Tikka,2023-05-19,19:49:59,Completed,416
4545,512,48,Fish Curry,2023-01-07,21:27:10,Completed,759
4546,788,30,Fish Curry,2024-12-19,16:04:17,Completed,371
4547,874,124,Fish Curry,2023-04-07,15:13:31,Completed,470
4548,416,74,Chicken Tikka,2025-04-09,15:04:48,Completed,214
4549,282,46,Margherita Pizza,2025-05-06,12:06:47,Cancelled,703
4550,865,102,Chicken Biryani,2024-11-18,12:24:46,Completed,291
4551,574,176,Paneer Butter Masala,2023-09-19,13:48:44,Completed,237
4552,491,151,Dal Makhani,2023-12-13,14:16:50,Cancelled,270
4553,506,23,Farmhouse Pizza,2025-04-20,22:08:22,Completed,317
4554,192,119,Farmhouse Pizza,2023-11-08,21:06:45,Completed,572
4555,367,14,Farmhouse Pizza,2023-12-27,17:42:33,Completed,856
4556,756,157,Dal Makhani,2025-03-21,18:51:47,Completed,418
4557,691,98,Pav Bhaji,2023-04-15,17:54:26,Completed,339
4558,659,191,Farmhouse Pizza,2023-05-16,21:43:11,Completed,150
4559,787,163,Paneer Butter Masala,2024-05-15,21:11:42,Completed,557
4560,888,54,Caesar Salad,2024-04-04,15:50:54,Completed,371
4561,605,17,Margherita Pizza,2024-11-11,12:15:58,Completed,307
4562,168,115,Dal Makhani,2025-05-19,12:11:21,Completed,169
4563,729,66,Paneer Tikka,2024-06-30,13:25:52,Completed,273
4564,830,197,Masala Dosa,2025-02-09,09:33:18,Completed,320
4565,288,13,Margherita Pizza,2023-03-04,18:37:33,Completed,643
4566,322,188,Veg Fried Rice,2025-06-10,15:28:07,Completed,918
4567,473,140,Farmhouse Pizza,2024-02-27,21:13:37,Completed,737
4568,416,47,Pav Bhaji,2024-05-15,21:18:43,Completed,329
4569,869,99,Burger,2024-01-20,18:52:19,Completed,651
4570,100,155,Fish Curry,2024-08-17,10:50:00,Completed,226
4571,349,168,Chicken Tikka,2025-01-12,09:07:02,Completed,602
4572,203,75,Fish Curry,2025-05-10,10:51:31,Completed,667
4573,847,187,Dal Makhani,2024-01-26,17:50:57,Completed,686
4574,433,117,Veg Biryani,2025-03-29,20:49:29,Completed,213
4575,740,29,Dal Makhani,2025-03-11,13:31:01,Completed,806
4576,530,122,Paneer Tikka,2024-03-26,17:05:45,Completed,214
4577,268,90,Farmhouse Pizza,2023-06-11,18:14:18,Completed,904
4578,139,109,Veg Biryani,2024-05-16,21:28:10,Completed,388
4579,736,14,Chicken Biryani,2025-05-15,17:38:05,Completed,791
4580,461,69,Paneer Tikka,2023-08-13,10:53:32,Completed,906
4581,475,83,Chicken Tikka,2023-08-03,13:09:40,Completed,245
4582,533,177,Farmhouse Pizza,2023-02-12,18:53:33,Completed,752
4583,309,61,Chole Bhature,2023-11-28,19:24:27,Completed,745
4584,47,192,Pav Bhaji,2024-03-18,15:36:31,Completed,390
4585,121,31,Veg Biryani,2024-01-30,09:12:21,Completed,221
4586,802,82,Hakka Noodles,2025-02-09,22:04:54,Completed,729
4587,315,46,Chicken Momos,2023-10-31,12:57:00,Completed,754
4588,110,199,Masala Dosa,2025-06-30,13:40:50,Completed,504
4589,620,64,Veg Momos,2023-07-27,12:06:16,Completed,494
4590,409,183,Chicken Momos,2023-04-23,19:27:28,Completed,868
4591,171,95,Veg Momos,2025-05-04,11:35:27,Cancelled,891
4592,6,19,Paneer Tikka,2024-10-28,17:53:34,Pending,816
4593,131,165,Veg Fried Rice,2025-03-24,16:28:08,Completed,129
4594,914,70,Veg Biryani,2025-05-29,17:39:26,Completed,877
4595,546,58,Chole Bhature,2023-04-23,16:34:32,Completed,724
4596,329,113,Veg Momos,2024-05-14,19:42:04,Completed,156
4597,286,85,Chicken Momos,2024-04-29,22:03:23,Completed,121
4598,313,30,Fish Curry,2023-10-26,21:45:13,Completed,665
4599,450,10,Paneer Tikka,2023-11-22,14:23:09,Completed,544
4600,133,66,Fish Curry,2023-10-08,18:57:59,Completed,570
4601,124,53,Butter Chicken,2023-10-11,20:20:00,Completed,257
4602,58,148,Chicken Biryani,2025-05-08,12:39:01,Completed,805
4603,541,156,Idli Sambar,2023-09-24,15:00:22,Completed,528
4604,201,37,Chicken Biryani,2023-01-16,15:21:15,Completed,687
4605,220,72,Chicken Momos,2024-12-29,09:56:42,Completed,322
4606,968,160,Hakka Noodles,2025-02-15,12:41:48,Completed,241
4607,187,145,Masala Dosa,2023-02-06,20:08:10,Completed,180
4608,299,125,Hakka Noodles,2024-06-30,12:15:36,Pending,767
4609,370,126,Burger,2025-01-01,20:33:12,Completed,332
4610,967,163,Chole Bhature,2023-10-09,20:09:26,Completed,143
4611,356,129,Hakka Noodles,2024-10-11,13:16:21,Completed,181
4612,843,105,Dal Makhani,2023-07-14,16:30:03,Completed,548
4613,20,162,Dal Makhani,2024-01-15,09:43:05,Completed,272
4614,117,16,Veg Momos,2024-03-30,16:39:54,Pending,357
4615,644,124,Idli Sambar,2024-01-27,11:55:40,Completed,592
4616,794,169,Veg Fried Rice,2024-03-04,09:29:36,Completed,760
4617,857,155,Veg Fried Rice,2023-06-13,11:56:18,Completed,316
4618,223,88,Veg Fried Rice,2023-06-15,10:47:01,Completed,326
4619,286,17,Idli Sambar,2024-03-07,13:32:56,Completed,902
4620,341,137,Chicken Biryani,2024-01-13,22:48:01,Completed,934
4621,722,21,Idli Sambar,2023-04-27,15:13:21,Completed,267
4622,517,41,Butter Chicken,2023-03-28,12:58:06,Completed,866
4623,808,188,Hakka Noodles,2024-08-14,09:37:32,Completed,652
4624,234,86,Paneer Tikka,2023-12-25,20:18:09,Pending,734
4625,155,195,Caesar Salad,2024-07-15,15:22:02,Completed,552
4626,802,162,Fish Curry,2023-07-20,16:21:19,Completed,933
4627,997,170,Veg Momos,2024-01-06,10:26:00,Completed,667
4628,644,5,Paneer Butter Masala,2023-11-03,21:55:35,Cancelled,703
4629,592,5,Chicken Momos,2024-03-25,22:17:44,Completed,239
4630,652,113,Caesar Salad,2023-04-02,13:40:51,Completed,277
4631,872,142,Dal Makhani,2024-02-20,18:06:23,Completed,647
4632,122,190,Hakka Noodles,2023-05-21,18:24:14,Completed,316
4633,14,127,Butter Chicken,2025-02-21,12:13:32,Completed,339
4634,393,174,Chicken Biryani,2024-12-10,09:56:02,Completed,436
4635,225,165,Chole Bhature,2025-06-15,16:39:56,Completed,606
4636,823,102,Caesar Salad,2024-02-14,22:55:26,Completed,507
4637,848,77,Veg Momos,2023-11-09,13:05:58,Completed,504
4638,962,21,Chicken Biryani,2024-03-10,09:11:21,Completed,164
4639,937,86,Chicken Tikka,2023-11-02,09:38:20,Completed,860
4640,886,49,Chicken Tikka,2024-04-25,10:52:05,Pending,333
4641,836,16,Veg Fried Rice,2024-11-16,13:22:28,Cancelled,192
4642,404,85,Veg Momos,2024-05-19,15:33:24,Completed,483
4643,135,34,Paneer Butter Masala,2024-10-07,09:15:08,Completed,942
4644,423,18,Paneer Tikka,2024-02-09,13:08:50,Completed,949
4645,920,185,Chicken Momos,2024-07-04,22:33:09,Completed,635
4646,422,48,Dal Makhani,2025-04-07,20:47:54,Completed,717
4647,265,56,Veg Biryani,2025-06-04,11:48:31,Completed,676
4648,499,96,Veg Momos,2025-01-16,20:03:08,Completed,556
4649,425,80,Chicken Momos,2024-09-27,20:09:26,Completed,911
4650,723,49,Paneer Butter Masala,2023-06-25,16:21:43,Completed,681
4651,902,181,Butter Chicken,2024-12-09,14:59:04,Completed,470
4652,193,181,Veg Fried Rice,2023-02-23,13:17:20,Pending,363
4653,314,138,Chicken Momos,2024-03-04,17:07:19,Completed,137
4654,217,131,Farmhouse Pizza,2024-04-01,12:16:31,Completed,938
4655,511,75,Hakka Noodles,2024-01-13,18:41:15,Completed,483
4656,630,120,Idli Sambar,2025-04-20,15:38:14,Completed,544
4657,527,70,Paneer Tikka,2025-01-27,21:04:58,Completed,225
4658,146,102,Chicken Tikka,2025-06-22,21:15:52,Completed,760
4659,274,105,Masala Dosa,2024-01-30,14:59:59,Cancelled,266
4660,988,43,Chole Bhature,2023-03-31,17:30:07,Completed,723
4661,972,86,Paneer Tikka,2024-08-08,22:05:24,Completed,819
4662,336,156,Margherita Pizza,2024-12-27,18:53:41,Completed,393
4663,660,28,Caesar Salad,2025-05-25,13:50:46,Cancelled,208
4664,496,92,Hakka Noodles,2024-06-21,11:29:39,Completed,131
4665,665,3,Veg Momos,2023-12-09,09:17:56,Completed,246
4666,521,36,Burger,2023-11-30,11:11:26,Completed,212
4667,399,104,Veg Momos,2023-10-24,22:51:24,Completed,436
4668,141,69,Masala Dosa,2024-09-16,09:17:40,Pending,138
4669,16,82,Chicken Momos,2023-04-23,22:35:03,Completed,681
4670,943,106,Masala Dosa,2024-07-01,21:06:08,Completed,603
4671,830,66,Veg Fried Rice,2023-02-16,21:56:02,Completed,709
4672,71,111,Dal Makhani,2024-09-02,22:59:24,Completed,671
4673,436,148,Veg Fried Rice,2025-02-24,09:39:56,Completed,215
4674,742,174,Chole Bhature,2024-09-01,15:44:59,Pending,376
4675,624,142,Margherita Pizza,2025-05-24,21:28:30,Completed,585
4676,702,15,Paneer Butter Masala,2025-01-30,13:25:13,Completed,640
4677,608,53,Butter Chicken,2023-02-25,20:04:38,Completed,242
4678,593,154,Dal Makhani,2025-05-22,21:45:22,Completed,424
4679,837,87,Paneer Butter Masala,2025-05-03,13:07:34,Completed,395
4680,216,142,Chicken Biryani,2024-01-23,18:31:44,Completed,654
4681,514,29,Paneer Tikka,2023-12-17,15:36:31,Completed,627
4682,184,171,Idli Sambar,2023-07-13,09:21:35,Completed,133
4683,723,29,Paneer Butter Masala,2024-05-08,22:01:25,Completed,182
4684,6,100,Paneer Butter Masala,2024-01-24,20:05:53,Completed,495
4685,523,150,Hakka Noodles,2023-07-18,15:15:08,Completed,764
4686,185,145,Masala Dosa,2023-01-03,18:48:17,Completed,586
4687,983,93,Farmhouse Pizza,2024-10-07,14:27:21,Completed,799
4688,118,156,Veg Biryani,2024-01-26,21:24:09,Cancelled,876
4689,641,105,Idli Sambar,2023-06-30,09:24:13,Completed,422
4690,685,150,Butter Chicken,2024-09-08,19:34:42,Completed,376
4691,688,130,Idli Sambar,2023-10-03,15:38:42,Completed,592
4692,518,41,Farmhouse Pizza,2024-05-29,21:12:31,Completed,199
4693,677,40,Paneer Butter Masala,2024-10-03,17:15:48,Completed,698
4694,272,37,Veg Momos,2024-02-10,10:34:03,Completed,300
4695,97,58,Pav Bhaji,2025-06-07,09:43:59,Completed,141
4696,498,126,Caesar Salad,2023-12-06,21:49:45,Completed,828
4697,280,34,Chicken Biryani,2023-09-10,15:53:29,Completed,382
4698,624,174,Chicken Momos,2023-02-02,22:24:17,Completed,866
4699,990,120,Dal Makhani,2025-05-29,19:06:22,Completed,295
4700,377,163,Idli Sambar,2023-10-07,21:20:26,Completed,313
4701,93,28,Chicken Biryani,2023-02-22,10:44:01,Completed,233
4702,831,93,Burger,2023-02-12,09:58:33,Completed,218
4703,423,160,Veg Fried Rice,2025-02-08,12:25:58,Completed,762
4704,238,182,Chicken Biryani,2024-06-21,17:12:26,Completed,735
4705,852,147,Fish Curry,2023-08-11,13:32:42,Completed,399
4706,202,169,Pav Bhaji,2025-01-14,10:26:23,Completed,688
4707,693,194,Chicken Biryani,2024-04-07,15:18:04,Completed,737
4708,757,103,Chicken Momos,2025-01-13,21:06:44,Pending,286
4709,812,174,Chole Bhature,2024-09-29,09:48:50,Completed,689
4710,708,182,Butter Chicken,2025-05-08,15:47:52,Completed,733
4711,383,120,Pav Bhaji,2023-01-20,16:41:37,Completed,317
4712,632,169,Masala Dosa,2024-10-22,20:30:03,Completed,265
4713,266,116,Farmhouse Pizza,2023-08-15,13:42:00,Completed,351
4714,997,60,Paneer Butter Masala,2023-04-02,13:57:50,Completed,373
4715,137,67,Fish Curry,2023-04-05,21:44:05,Completed,883
4716,520,188,Chicken Momos,2024-05-28,12:20:49,Completed,723
4717,553,7,Butter Chicken,2024-09-01,15:47:42,Completed,203
4718,967,32,Butter Chicken,2024-02-27,20:27:45,Completed,810
4719,163,131,Veg Momos,2024-01-11,18:02:31,Pending,728
4720,18,136,Burger,2024-07-07,15:28:07,Completed,683
4721,501,95,Paneer Tikka,2023-09-02,13:50:26,Completed,231
4722,686,85,Margherita Pizza,2025-04-21,20:59:35,Completed,711
4723,498,120,Veg Momos,2025-05-19,22:58:32,Completed,573
4724,720,9,Chicken Tikka,2023-01-22,17:39:27,Completed,638
4725,332,122,Butter Chicken,2024-09-10,20:11:21,Completed,562
4726,156,114,Dal Makhani,2023-04-03,12:19:20,Completed,735
4727,29,90,Chicken Biryani,2023-02-19,15:14:25,Completed,754
4728,783,196,Fish Curry,2023-04-17,17:52:14,Completed,380
4729,228,168,Paneer Tikka,2024-11-11,15:50:10,Completed,310
4730,496,200,Fish Curry,2023-03-20,20:41:44,Completed,693
4731,652,81,Fish Curry,2023-06-01,11:22:13,Completed,401
4732,838,197,Hakka Noodles,2024-11-22,12:47:39,Completed,283
4733,543,28,Chicken Tikka,2023-08-17,18:18:54,Completed,237
4734,170,41,Chole Bhature,2025-06-21,12:01:11,Completed,360
4735,662,16,Pav Bhaji,2023-02-28,11:18:59,Completed,887
4736,563,62,Paneer Butter Masala,2024-08-11,10:34:02,Completed,565
4737,87,14,Butter Chicken,2024-10-21,18:46:54,Completed,655
4738,394,101,Paneer Tikka,2023-01-27,09:40:34,Completed,694
4739,90,88,Veg Fried Rice,2023-06-28,10:23:03,Completed,765
4740,574,137,Chicken Momos,2024-06-19,11:57:36,Completed,450
4741,913,39,Farmhouse Pizza,2025-05-31,20:00:44,Completed,193
4742,648,122,Veg Biryani,2025-06-08,12:04:26,Completed,712
4743,738,100,Veg Momos,2023-03-23,21:37:31,Completed,657
4744,357,191,Idli Sambar,2024-06-14,12:39:26,Completed,273
4745,258,74,Veg Biryani,2024-10-01,22:45:46,Pending,335
4746,262,39,Masala Dosa,2025-06-25,21:25:16,Cancelled,237
4747,792,42,Chole Bhature,2024-01-31,17:04:30,Completed,883
4748,255,10,Butter Chicken,2025-01-16,18:30:57,Cancelled,706
4749,544,20,Chicken Tikka,2025-02-13,13:46:27,Completed,459
4750,567,137,Veg Momos,2025-04-06,11:07:44,Completed,446
4751,435,102,Margherita Pizza,2025-03-07,12:15:01,Completed,703
4752,678,114,Caesar Salad,2023-03-17,17:09:08,Cancelled,547
4753,883,145,Idli Sambar,2023-08-20,18:10:13,Cancelled,412
4754,244,78,Veg Fried Rice,2024-01-28,10:39:00,Completed,900
4755,710,58,Chicken Tikka,2023-03-05,17:18:29,Completed,478
4756,40,199,Paneer Butter Masala,2024-08-14,21:06:31,Completed,440
4757,679,169,Caesar Salad,2023-08-16,17:23:42,Completed,357
4758,500,117,Masala Dosa,2024-09-16,19:12:10,Completed,902
4759,388,92,Paneer Tikka,2024-05-28,10:19:22,Pending,430
4760,429,159,Fish Curry,2025-03-19,10:53:30,Completed,805
4761,872,199,Chicken Biryani,2025-04-23,17:15:51,Completed,774
4762,281,137,Paneer Tikka,2024-10-08,13:47:05,Completed,201
4763,539,2,Caesar Salad,2025-01-01,22:47:04,Pending,126
4764,180,36,Farmhouse Pizza,2024-02-23,14:37:31,Completed,139
4765,401,153,Caesar Salad,2023-01-17,20:16:37,Completed,837
4766,281,49,Paneer Tikka,2024-08-15,11:52:22,Cancelled,625
4767,892,103,Burger,2024-10-22,10:11:00,Completed,736
4768,866,139,Butter Chicken,2023-01-08,19:19:24,Completed,946
4769,18,175,Pav Bhaji,2024-12-20,12:37:39,Pending,315
4770,673,64,Idli Sambar,2024-08-30,17:12:11,Completed,917
4771,549,199,Pav Bhaji,2024-12-02,09:08:30,Completed,505
4772,512,61,Idli Sambar,2023-04-30,16:22:03,Pending,277
4773,340,8,Fish Curry,2024-12-15,22:25:54,Completed,627
4774,206,119,Farmhouse Pizza,2023-11-22,22:22:14,Completed,881
4775,673,111,Farmhouse Pizza,2023-02-22,18:48:37,Completed,194
4776,333,198,Margherita Pizza,2024-05-24,22:33:24,Completed,626
4777,187,39,Veg Fried Rice,2023-08-01,17:36:57,Completed,391
4778,470,97,Idli Sambar,2024-08-16,16:29:28,Completed,371
4779,945,60,Farmhouse Pizza,2023-09-24,17:48:07,Completed,218
4780,833,150,Caesar Salad,2024-01-16,16:40:19,Completed,881
4781,917,25,Chicken Momos,2023-12-30,20:45:17,Completed,557
4782,805,85,Butter Chicken,2023-07-19,14:33:54,Completed,765
4783,562,101,Farmhouse Pizza,2024-10-30,15:27:04,Completed,613
4784,855,67,Chole Bhature,2024-02-24,15:12:31,Completed,697
4785,632,79,Caesar Salad,2025-05-03,17:35:31,Completed,783
4786,337,35,Veg Momos,2023-12-28,10:44:59,Completed,764
4787,412,102,Hakka Noodles,2023-11-22,13:35:50,Completed,366
4788,136,125,Veg Fried Rice,2023-06-03,20:12:39,Completed,312
4789,704,158,Paneer Tikka,2023-02-28,11:10:05,Completed,938
4790,585,39,Caesar Salad,2025-04-09,22:25:35,Completed,872
4791,906,158,Farmhouse Pizza,2024-07-02,20:12:35,Cancelled,937
4792,528,58,Masala Dosa,2024-12-24,19:36:12,Cancelled,883
4793,801,47,Butter Chicken,2024-11-15,17:20:08,Completed,226
4794,764,147,Veg Momos,2023-12-27,17:46:25,Completed,254
4795,586,161,Hakka Noodles,2023-07-24,12:11:56,Completed,363
4796,364,88,Chicken Tikka,2024-11-18,11:57:16,Completed,601
4797,342,129,Caesar Salad,2025-06-05,18:19:52,Cancelled,837
4798,873,55,Dal Makhani,2024-03-22,10:58:29,Completed,945
4799,829,168,Caesar Salad,2023-01-11,15:59:25,Cancelled,946
4800,776,81,Masala Dosa,2023-05-19,20:49:59,Cancelled,655
4801,304,8,Masala Dosa,2024-02-05,14:15:09,Cancelled,710
4802,864,86,Caesar Salad,2024-10-21,20:55:58,Completed,656
4803,230,76,Burger,2023-10-02,18:04:19,Completed,136
4804,675,184,Chole Bhature,2024-10-22,14:59:34,Completed,188
4805,278,148,Margherita Pizza,2025-05-17,15:41:48,Completed,635
4806,839,154,Dal Makhani,2024-02-11,22:04:45,Completed,200
4807,932,150,Idli Sambar,2023-11-10,19:59:26,Completed,129
4808,220,44,Chole Bhature,2024-10-05,14:32:46,Completed,624
4809,302,66,Hakka Noodles,2025-01-11,13:39:53,Cancelled,740
4810,422,25,Paneer Butter Masala,2024-03-16,20:59:36,Pending,843
4811,293,135,Chicken Tikka,2024-01-29,09:45:52,Completed,386
4812,51,168,Fish Curry,2023-04-05,13:45:09,Completed,316
4813,669,199,Veg Fried Rice,2025-06-13,21:49:20,Completed,270
4814,23,74,Chole Bhature,2025-03-30,16:50:02,Completed,827
4815,293,149,Fish Curry,2025-03-25,18:23:00,Completed,689
4816,320,178,Burger,2025-04-02,14:30:58,Completed,364
4817,65,101,Butter Chicken,2023-08-29,09:46:21,Completed,140
4818,107,19,Paneer Tikka,2023-11-26,14:45:21,Completed,226
4819,569,76,Dal Makhani,2023-06-10,13:26:07,Completed,622
4820,359,154,Chicken Momos,2024-12-14,12:32:22,Completed,811
4821,215,19,Caesar Salad,2025-03-17,11:55:57,Completed,620
4822,961,55,Idli Sambar,2024-07-13,14:02:34,Completed,707
4823,7,39,Caesar Salad,2023-07-02,14:34:59,Completed,702
4824,560,38,Hakka Noodles,2023-01-19,21:32:05,Completed,127
4825,738,50,Butter Chicken,2024-02-14,14:31:27,Completed,737
4826,770,194,Caesar Salad,2024-06-03,12:05:45,Completed,601
4827,595,2,Farmhouse Pizza,2024-10-28,09:24:28,Cancelled,657
4828,735,179,Farmhouse Pizza,2025-01-31,10:41:39,Cancelled,294
4829,980,181,Veg Fried Rice,2024-02-25,19:12:36,Completed,701
4830,880,103,Chicken Biryani,2024-02-09,11:12:29,Completed,900
4831,22,141,Chicken Biryani,2024-12-11,22:31:18,Completed,470
4832,815,59,Chicken Momos,2023-07-20,19:00:11,Completed,219
4833,331,178,Idli Sambar,2023-07-14,17:47:43,Completed,418
4834,151,106,Burger,2025-05-14,19:05:25,Completed,499
4835,226,95,Farmhouse Pizza,2023-11-03,19:37:45,Completed,519
4836,591,152,Butter Chicken,2023-01-27,22:11:41,Completed,122
4837,958,171,Paneer Tikka,2023-06-09,10:06:52,Completed,737
4838,353,68,Chole Bhature,2024-06-15,13:42:10,Completed,280
4839,411,96,Hakka Noodles,2025-05-17,22:44:30,Completed,763
4840,201,18,Pav Bhaji,2025-03-04,11:31:40,Completed,641
4841,955,14,Chole Bhature,2023-03-22,10:09:25,Pending,587
4842,976,92,Hakka Noodles,2024-02-26,10:30:58,Completed,934
4843,215,61,Hakka Noodles,2024-06-08,11:46:31,Completed,579
4844,411,154,Farmhouse Pizza,2023-03-20,11:33:38,Completed,915
4845,927,149,Masala Dosa,2025-03-23,19:16:05,Completed,197
4846,734,25,Fish Curry,2025-03-13,14:06:39,Completed,352
4847,492,57,Veg Biryani,2023-09-16,15:02:33,Completed,942
4848,443,125,Fish Curry,2024-08-28,14:42:19,Completed,269
4849,599,27,Chicken Biryani,2025-01-30,15:18:38,Cancelled,498
4850,992,94,Chicken Tikka,2024-09-25,09:04:28,Cancelled,509
4851,584,148,Chicken Tikka,2023-02-15,09:48:02,Completed,601
4852,939,115,Dal Makhani,2024-05-17,19:42:11,Completed,339
4853,806,67,Hakka Noodles,2023-01-01,09:48:46,Completed,442
4854,486,68,Hakka Noodles,2024-04-17,16:17:49,Completed,692
4855,984,185,Chicken Biryani,2023-11-25,12:17:14,Completed,387
4856,796,134,Hakka Noodles,2025-01-11,22:49:19,Completed,194
4857,508,4,Hakka Noodles,2023-08-09,21:26:33,Completed,439
4858,682,165,Farmhouse Pizza,2025-04-30,10:39:31,Cancelled,718
4859,593,182,Veg Fried Rice,2023-08-23,15:58:14,Completed,573
4860,394,104,Paneer Butter Masala,2025-04-26,11:33:11,Completed,882
4861,494,52,Caesar Salad,2023-11-26,11:14:44,Completed,302
4862,251,5,Veg Biryani,2024-04-15,10:17:02,Completed,197
4863,185,6,Chicken Momos,2023-10-01,16:00:25,Cancelled,155
4864,476,67,Fish Curry,2023-10-29,19:10:25,Completed,783
4865,512,145,Veg Fried Rice,2024-12-30,17:05:28,Completed,765
4866,265,72,Masala Dosa,2024-09-01,13:10:22,Completed,790
4867,376,78,Chole Bhature,2023-07-19,22:31:07,Completed,362
4868,961,81,Caesar Salad,2023-12-04,20:00:49,Completed,293
4869,178,180,Masala Dosa,2023-08-31,21:56:36,Completed,592
4870,166,66,Fish Curry,2025-04-07,13:49:49,Completed,435
4871,290,53,Dal Makhani,2024-02-08,14:51:22,Completed,163
4872,990,152,Fish Curry,2023-07-29,16:43:00,Completed,194
4873,787,49,Margherita Pizza,2024-07-20,10:55:57,Completed,707
4874,993,35,Paneer Butter Masala,2024-08-27,11:53:32,Completed,160
4875,33,78,Veg Fried Rice,2025-06-06,12:21:57,Cancelled,314
4876,46,156,Masala Dosa,2024-12-03,13:08:36,Completed,865
4877,185,126,Chicken Tikka,2024-05-31,11:45:41,Completed,789
4878,1000,25,Paneer Butter Masala,2024-01-01,18:29:50,Completed,321
4879,961,60,Butter Chicken,2024-07-02,15:31:02,Completed,544
4880,271,153,Fish Curry,2025-06-12,15:20:38,Completed,563
4881,945,156,Margherita Pizza,2025-04-19,17:42:25,Completed,596
4882,225,85,Chicken Momos,2023-05-02,12:14:21,Completed,243
4883,64,66,Chicken Momos,2023-08-23,09:10:18,Completed,351
4884,502,96,Margherita Pizza,2023-01-15,10:40:55,Completed,544
4885,124,15,Fish Curry,2023-10-21,12:52:32,Completed,744
4886,121,11,Paneer Tikka,2023-10-13,09:20:44,Completed,700
4887,792,26,Farmhouse Pizza,2025-02-24,13:25:37,Completed,208
4888,409,33,Idli Sambar,2024-01-07,20:42:48,Completed,774
4889,979,90,Masala Dosa,2025-06-10,14:21:06,Completed,798
4890,138,52,Hakka Noodles,2024-10-01,12:05:29,Completed,712
4891,701,44,Pav Bhaji,2024-07-19,12:56:37,Completed,328
4892,979,18,Caesar Salad,2024-08-22,12:10:53,Completed,622
4893,911,120,Chole Bhature,2024-04-16,14:13:41,Completed,620
4894,266,61,Dal Makhani,2023-05-27,16:18:38,Completed,486
4895,130,122,Fish Curry,2023-08-07,11:25:41,Completed,594
4896,437,120,Masala Dosa,2023-11-04,09:48:20,Completed,847
4897,566,106,Chicken Biryani,2023-09-14,19:18:32,Completed,205
4898,337,58,Veg Fried Rice,2023-12-10,15:16:54,Completed,741
4899,158,189,Idli Sambar,2024-06-20,11:46:25,Cancelled,594
4900,978,8,Farmhouse Pizza,2023-02-13,09:44:23,Completed,606
4901,909,152,Farmhouse Pizza,2025-02-26,16:09:39,Pending,704
4902,647,151,Paneer Butter Masala,2025-04-01,20:37:47,Cancelled,693
4903,742,100,Fish Curry,2024-04-28,21:44:11,Completed,468
4904,214,3,Fish Curry,2024-08-06,16:31:13,Completed,573
4905,520,51,Margherita Pizza,2023-03-30,16:16:15,Completed,703
4906,837,144,Butter Chicken,2024-05-22,19:12:44,Completed,938
4907,58,170,Veg Biryani,2025-02-02,22:15:26,Completed,341
4908,403,16,Butter Chicken,2024-01-13,14:32:14,Pending,551
4909,411,115,Veg Fried Rice,2023-05-08,22:04:35,Completed,363
4910,923,125,Masala Dosa,2024-02-09,09:06:20,Completed,514
4911,82,97,Margherita Pizza,2023-07-18,22:14:43,Completed,209
4912,190,11,Chole Bhature,2023-10-08,11:59:41,Pending,521
4913,953,170,Margherita Pizza,2024-10-03,10:59:50,Completed,437
4914,290,168,Pav Bhaji,2025-03-22,15:05:02,Completed,268
4915,942,16,Paneer Tikka,2023-05-26,21:10:54,Completed,262
4916,603,80,Hakka Noodles,2024-04-12,13:52:51,Completed,465
4917,796,133,Burger,2024-05-12,12:18:58,Completed,525
4918,871,104,Chicken Tikka,2025-06-07,14:06:26,Completed,138
4919,77,8,Chicken Biryani,2024-07-07,11:27:46,Completed,480
4920,803,100,Chicken Momos,2023-01-06,12:26:48,Cancelled,208
4921,74,177,Paneer Tikka,2024-01-10,21:43:26,Pending,753
4922,110,127,Hakka Noodles,2023-03-13,15:23:28,Completed,719
4923,788,82,Pav Bhaji,2023-02-10,09:33:25,Completed,205
4924,736,93,Fish Curry,2024-04-08,20:48:13,Completed,304
4925,257,127,Paneer Tikka,2025-01-18,13:23:22,Completed,222
4926,678,109,Veg Momos,2023-06-03,17:46:17,Completed,669
4927,341,153,Paneer Butter Masala,2023-09-02,10:44:06,Completed,901
4928,787,52,Margherita Pizza,2024-06-06,15:30:22,Completed,235
4929,644,112,Chicken Momos,2024-03-22,19:45:51,Completed,279
4930,13,100,Caesar Salad,2024-11-02,15:17:03,Completed,724
4931,909,35,Dal Makhani,2024-01-06,13:12:36,Completed,586
4932,454,34,Idli Sambar,2023-08-13,16:12:54,Completed,414
4933,288,37,Chicken Biryani,2024-12-27,17:42:49,Completed,569
4934,540,11,Veg Biryani,2025-02-27,17:27:29,Completed,275
4935,592,101,Paneer Butter Masala,2025-01-21,22:47:32,Completed,932
4936,928,119,Paneer Tikka,2024-12-05,16:56:18,Completed,307
4937,927,142,Butter Chicken,2024-02-24,15:51:18,Pending,687
4938,831,60,Paneer Tikka,2024-06-15,17:13:33,Completed,837
4939,596,180,Caesar Salad,2023-06-29,14:03:05,Completed,680
4940,461,126,Pav Bhaji,2024-12-13,10:40:15,Cancelled,449
4941,328,173,Pav Bhaji,2024-02-23,20:35:43,Completed,944
4942,904,11,Masala Dosa,2023-11-04,14:26:38,Pending,519
4943,530,54,Fish Curry,2024-05-12,15:59:11,Completed,907
4944,769,188,Butter Chicken,2023-08-02,17:51:37,Completed,517
4945,339,174,Burger,2024-11-18,14:32:57,Completed,294
4946,16,23,Chole Bhature,2024-10-01,13:54:39,Completed,476
4947,691,102,Burger,2025-02-02,09:06:40,Completed,514
4948,808,129,Hakka Noodles,2025-05-05,18:49:30,Completed,634
4949,360,163,Caesar Salad,2025-06-23,09:42:54,Completed,329
4950,350,150,Fish Curry,2023-10-23,16:10:27,Completed,436
4951,79,8,Veg Biryani,2025-04-05,19:36:48,Completed,273
4952,502,179,Chicken Biryani,2023-04-09,11:06:58,Completed,180
4953,750,84,Caesar Salad,2023-04-14,20:45:19,Completed,933
4954,628,65,Butter Chicken,2024-09-16,20:07:30,Completed,202
4955,646,96,Hakka Noodles,2025-06-03,15:07:15,Completed,596
4956,719,1,Veg Biryani,2024-04-01,16:11:01,Completed,927
4957,45,138,Burger,2023-03-24,10:52:13,Completed,550
4958,14,31,Chicken Tikka,2024-11-03,14:15:04,Completed,729
4959,844,118,Chicken Momos,2025-03-09,15:37:07,Completed,344
4960,738,138,Idli Sambar,2024-07-25,21:47:29,Completed,348
4961,150,153,Farmhouse Pizza,2024-05-20,14:14:50,Completed,747
4962,615,55,Veg Biryani,2023-09-09,20:18:41,Completed,863
4963,652,62,Veg Biryani,2023-05-03,17:37:42,Completed,296
4964,475,200,Burger,2024-04-30,21:54:50,Completed,217
4965,579,200,Fish Curry,2024-07-20,20:00:34,Completed,870
4966,536,156,Margherita Pizza,2023-10-25,15:55:36,Cancelled,209
4967,393,136,Farmhouse Pizza,2023-12-27,09:28:48,Completed,149
4968,693,44,Chicken Momos,2023-11-06,12:28:07,Completed,226
4969,852,195,Farmhouse Pizza,2025-01-21,19:08:26,Completed,423
4970,662,116,Caesar Salad,2024-10-05,18:13:26,Completed,654
4971,246,33,Butter Chicken,2024-10-04,21:00:36,Completed,257
4972,140,189,Hakka Noodles,2024-06-01,18:24:31,Completed,589
4973,953,158,Veg Biryani,2023-03-21,18:33:08,Completed,872
4974,354,76,Chole Bhature,2024-06-16,12:09:02,Completed,221
4975,253,173,Chicken Tikka,2025-03-04,16:31:26,Completed,160
4976,533,150,Farmhouse Pizza,2025-04-15,16:21:07,Completed,120
4977,139,133,Fish Curry,2023-01-29,12:03:44,Completed,470
4978,306,78,Chicken Tikka,2025-03-11,16:02:02,Cancelled,610
4979,941,177,Chicken Tikka,2024-12-21,10:16:13,Completed,329
4980,251,38,Caesar Salad,2023-02-04,20:56:54,Completed,246
4981,67,144,Chicken Tikka,2023-12-13,12:25:43,Completed,280
4982,13,31,Farmhouse Pizza,2023-03-20,20:56:15,Completed,566
4983,171,21,Chicken Tikka,2025-06-16,21:25:03,Cancelled,836
4984,866,59,Farmhouse Pizza,2023-03-14,18:27:49,Completed,378
4985,534,131,Hakka Noodles,2025-01-21,11:05:03,Completed,403
4986,727,130,Butter Chicken,2025-01-16,14:02:20,Completed,142
4987,675,12,Dal Makhani,2023-06-27,09:29:48,Completed,203
4988,503,154,Butter Chicken,2023-06-29,09:16:15,Completed,447
4989,325,200,Hakka Noodles,2023-03-12,17:09:23,Completed,554
4990,578,136,Chicken Tikka,2024-05-03,18:16:07,Completed,146
4991,811,131,Margherita Pizza,2024-05-27,15:33:18,Completed,625
4992,480,173,Veg Fried Rice,2023-10-16,12:34:11,Completed,612
4993,839,188,Veg Fried Rice,2024-04-15,21:47:15,Completed,853
4994,250,86,Paneer Butter Masala,2024-07-28,12:07:44,Completed,227
4995,586,84,Paneer Tikka,2023-11-28,18:19:13,Completed,250
4996,761,166,Masala Dosa,2024-06-24,10:29:46,Cancelled,416
4997,330,65,Fish Curry,2024-09-26,09:22:36,Completed,137
4998,271,179,Caesar Salad,2025-06-15,10:57:02,Completed,556
4999,502,167,Veg Biryani,2023-09-28,13:52:42,Completed,736
5000,764,109,Hakka Noodles,2024-08-11,09:26:17,Completed,571
5001,837,136,Chicken Momos,2024-02-11,10:34:52,Cancelled,854
5002,678,151,Chicken Tikka,2024-09-03,11:43:34,Completed,569
5003,616,114,Paneer Butter Masala,2024-08-26,18:30:35,Completed,743
5004,193,89,Fish Curry,2023-06-20,14:29:06,Completed,205
5005,853,194,Chicken Momos,2024-10-15,12:49:02,Completed,891
5006,312,12,Butter Chicken,2023-03-19,22:28:54,Completed,552
5007,557,86,Idli Sambar,2024-01-07,22:06:44,Completed,418
5008,811,49,Chicken Tikka,2025-05-27,20:45:43,Completed,852
5009,621,70,Burger,2024-02-04,16:32:22,Completed,831
5010,128,80,Hakka Noodles,2023-01-02,09:22:15,Completed,260
5011,198,89,Paneer Butter Masala,2023-02-17,22:54:58,Completed,871
5012,519,25,Chole Bhature,2025-01-31,13:00:38,Completed,267
5013,728,132,Veg Biryani,2024-12-15,20:34:27,Completed,137
5014,769,126,Margherita Pizza,2023-05-19,16:16:52,Completed,851
5015,443,47,Hakka Noodles,2023-06-01,17:30:10,Completed,382
5016,495,175,Veg Biryani,2023-12-11,10:33:54,Completed,342
5017,615,75,Chole Bhature,2024-08-13,14:08:10,Cancelled,151
5018,573,109,Dal Makhani,2023-04-11,22:11:52,Completed,550
5019,685,115,Chicken Tikka,2023-09-05,15:33:13,Completed,734
5020,354,120,Burger,2023-07-31,14:58:17,Completed,300
5021,748,185,Dal Makhani,2023-07-10,16:28:45,Completed,731
5022,496,144,Chicken Biryani,2025-04-09,14:39:28,Completed,860
5023,454,50,Chole Bhature,2023-01-17,14:18:15,Completed,502
5024,821,74,Fish Curry,2025-05-24,20:43:47,Completed,754
5025,887,65,Dal Makhani,2023-03-28,12:53:28,Pending,229
5026,954,54,Idli Sambar,2023-04-05,12:08:47,Completed,324
5027,944,57,Veg Fried Rice,2024-06-03,21:48:39,Completed,528
5028,458,139,Chicken Momos,2023-12-04,21:35:23,Completed,922
5029,917,187,Pav Bhaji,2023-05-18,10:31:00,Completed,910
5030,377,165,Masala Dosa,2023-02-06,11:25:16,Completed,663
5031,229,25,Margherita Pizza,2023-04-28,11:13:39,Cancelled,543
5032,685,170,Chole Bhature,2024-07-22,21:24:14,Completed,514
5033,233,110,Chicken Momos,2023-02-22,11:27:41,Completed,914
5034,58,183,Paneer Butter Masala,2024-07-04,14:46:55,Completed,629
5035,980,102,Veg Momos,2023-07-31,12:07:38,Completed,785
5036,189,93,Hakka Noodles,2023-05-07,09:14:10,Completed,190
5037,241,77,Veg Biryani,2024-01-21,20:54:20,Completed,517
5038,81,102,Pav Bhaji,2023-07-08,21:28:56,Completed,933
5039,332,181,Dal Makhani,2024-12-10,15:13:58,Cancelled,235
5040,289,37,Veg Biryani,2024-04-01,17:37:17,Completed,297
5041,109,181,Farmhouse Pizza,2023-02-18,14:17:30,Completed,250
5042,320,155,Veg Momos,2023-04-10,21:10:43,Completed,765
5043,665,52,Margherita Pizza,2025-06-20,13:28:45,Completed,780
5044,989,6,Caesar Salad,2025-03-26,19:17:10,Cancelled,268
5045,33,100,Hakka Noodles,2024-11-29,11:30:34,Completed,487
5046,625,200,Chicken Tikka,2024-01-11,15:58:16,Cancelled,148
5047,1,23,Fish Curry,2024-06-30,14:13:12,Completed,603
5048,831,119,Idli Sambar,2023-08-22,11:06:36,Completed,417
5049,739,109,Pav Bhaji,2024-02-15,15:41:50,Completed,873
5050,843,189,Margherita Pizza,2023-06-21,12:18:24,Completed,191
5051,688,95,Paneer Tikka,2025-02-19,15:48:48,Completed,623
5052,392,91,Veg Fried Rice,2023-06-07,14:58:00,Completed,893
5053,883,163,Farmhouse Pizza,2023-06-22,10:15:30,Completed,420
5054,28,41,Chicken Tikka,2023-11-16,17:02:48,Completed,254
5055,322,175,Chole Bhature,2024-04-17,20:31:43,Completed,524
5056,245,67,Idli Sambar,2024-03-29,14:38:54,Pending,351
5057,940,137,Chicken Biryani,2025-02-10,12:05:13,Cancelled,636
5058,917,159,Margherita Pizza,2023-12-30,14:00:13,Completed,222
5059,406,53,Butter Chicken,2023-11-30,10:57:55,Completed,282
5060,127,178,Veg Biryani,2023-03-27,18:53:42,Cancelled,386
5061,388,118,Chicken Tikka,2024-04-29,20:00:11,Completed,317
5062,345,100,Margherita Pizza,2023-01-23,14:25:42,Completed,416
5063,91,100,Veg Biryani,2023-04-28,17:31:43,Completed,523
5064,359,53,Caesar Salad,2025-01-07,18:27:31,Completed,302
5065,144,90,Paneer Butter Masala,2024-11-12,12:55:29,Completed,447
5066,662,169,Fish Curry,2024-10-27,11:58:12,Pending,206
5067,312,108,Chole Bhature,2024-12-09,12:12:55,Completed,207
5068,571,150,Veg Biryani,2023-02-07,14:21:29,Completed,519
5069,558,159,Caesar Salad,2023-10-21,13:38:24,Completed,904
5070,604,18,Paneer Tikka,2023-06-25,11:16:32,Completed,699
5071,248,171,Veg Biryani,2025-04-20,20:34:43,Completed,544
5072,886,40,Farmhouse Pizza,2024-09-07,21:11:23,Completed,890
5073,336,121,Chole Bhature,2024-05-27,11:40:13,Completed,478
5074,157,69,Chole Bhature,2024-11-19,13:24:43,Completed,620
5075,408,143,Pav Bhaji,2023-10-04,10:55:04,Completed,543
5076,872,37,Chicken Biryani,2024-01-30,16:52:45,Cancelled,612
5077,43,136,Hakka Noodles,2024-09-09,17:59:49,Completed,762
5078,389,27,Dal Makhani,2025-04-21,10:10:58,Completed,444
5079,872,14,Pav Bhaji,2023-07-01,19:38:34,Completed,815
5080,71,150,Idli Sambar,2025-02-03,13:31:50,Completed,622
5081,83,171,Masala Dosa,2025-04-16,14:03:21,Completed,296
5082,983,24,Pav Bhaji,2024-03-15,10:48:04,Completed,832
5083,263,23,Chicken Tikka,2023-12-16,19:21:21,Completed,225
5084,309,86,Paneer Butter Masala,2024-05-18,16:39:57,Completed,872
5085,785,159,Chicken Tikka,2024-09-22,15:32:21,Completed,867
5086,944,170,Hakka Noodles,2025-05-01,19:50:13,Pending,464
5087,787,85,Chole Bhature,2025-05-23,16:46:30,Completed,242
5088,919,98,Margherita Pizza,2023-08-18,22:57:24,Completed,406
5089,852,125,Masala Dosa,2023-10-07,21:41:37,Completed,507
5090,424,7,Hakka Noodles,2024-07-29,17:18:13,Completed,569
5091,963,12,Burger,2024-08-15,13:53:43,Completed,520
5092,142,142,Chicken Momos,2024-06-27,10:53:27,Completed,400
5093,757,175,Paneer Tikka,2023-09-08,19:32:14,Completed,651
5094,426,123,Butter Chicken,2023-04-27,10:48:07,Completed,469
5095,145,42,Chicken Biryani,2023-04-26,21:53:50,Completed,156
5096,210,76,Paneer Tikka,2023-05-20,16:44:57,Cancelled,726
5097,693,166,Pav Bhaji,2024-12-06,20:33:29,Completed,749
5098,489,79,Fish Curry,2024-02-19,19:00:40,Completed,690
5099,66,43,Paneer Tikka,2025-02-21,22:24:38,Completed,519
5100,612,102,Fish Curry,2024-12-18,20:43:12,Completed,197
5101,235,76,Butter Chicken,2023-08-22,18:32:33,Completed,677
5102,193,194,Paneer Butter Masala,2023-08-22,14:52:15,Pending,895
5103,843,70,Pav Bhaji,2023-03-11,19:25:56,Completed,206
5104,334,121,Butter Chicken,2025-02-04,18:10:18,Completed,789
5105,211,190,Burger,2025-04-05,18:14:51,Completed,179
5106,469,56,Fish Curry,2023-09-08,15:52:44,Cancelled,844
5107,420,52,Butter Chicken,2025-02-01,13:53:04,Completed,601
5108,29,76,Dal Makhani,2024-07-02,21:06:14,Completed,699
5109,347,78,Caesar Salad,2024-07-01,20:07:25,Completed,565
5110,337,13,Veg Momos,2023-03-26,17:00:36,Completed,602
5111,336,180,Chicken Momos,2025-05-24,19:58:53,Pending,654
5112,446,109,Chole Bhature,2023-04-24,16:10:38,Completed,729
5113,370,114,Caesar Salad,2024-12-06,14:09:59,Completed,271
5114,676,169,Farmhouse Pizza,2023-05-25,14:36:31,Completed,702
5115,81,87,Dal Makhani,2024-12-31,09:20:22,Completed,129
5116,92,190,Chicken Biryani,2023-05-06,11:08:05,Completed,500
5117,579,166,Dal Makhani,2023-11-28,12:15:41,Cancelled,281
5118,256,89,Chole Bhature,2025-02-08,19:40:19,Completed,719
5119,607,46,Dal Makhani,2024-12-01,19:33:13,Completed,153
5120,827,73,Veg Momos,2023-03-31,19:42:20,Completed,456
5121,851,85,Chicken Tikka,2023-12-23,12:09:07,Completed,265
5122,206,79,Pav Bhaji,2025-05-20,16:42:11,Completed,486
5123,111,150,Butter Chicken,2025-02-05,19:01:10,Completed,431
5124,927,158,Chicken Biryani,2023-05-14,14:20:02,Completed,198
5125,773,34,Margherita Pizza,2023-03-06,22:05:59,Completed,729
5126,292,90,Veg Biryani,2024-03-27,22:58:08,Completed,714
5127,146,93,Veg Momos,2023-10-18,13:26:19,Completed,779
5128,332,152,Paneer Tikka,2023-07-27,09:10:08,Completed,287
5129,837,190,Hakka Noodles,2023-10-06,19:30:07,Completed,620
5130,112,67,Paneer Tikka,2023-01-11,19:14:02,Completed,218
5131,348,181,Paneer Butter Masala,2024-05-26,19:18:55,Completed,736
5132,420,82,Farmhouse Pizza,2024-06-26,19:05:59,Completed,170
5133,846,121,Paneer Tikka,2023-10-15,17:49:22,Completed,383
5134,46,12,Chicken Biryani,2024-03-29,21:12:36,Completed,136
5135,600,79,Caesar Salad,2023-08-24,17:11:51,Completed,757
5136,533,167,Dal Makhani,2024-07-25,20:39:05,Completed,243
5137,949,45,Chole Bhature,2025-06-23,12:52:56,Cancelled,516
5138,257,157,Veg Biryani,2023-12-28,11:06:02,Pending,927
5139,669,149,Paneer Tikka,2023-01-26,11:59:16,Cancelled,588
5140,710,86,Masala Dosa,2025-03-07,17:16:44,Cancelled,614
5141,956,37,Caesar Salad,2023-04-25,13:36:44,Completed,689
5142,968,65,Paneer Butter Masala,2025-02-10,09:43:24,Completed,517
5143,971,104,Dal Makhani,2023-06-24,17:18:12,Completed,374
5144,738,26,Chicken Tikka,2023-11-29,17:44:03,Pending,313
5145,310,26,Dal Makhani,2025-06-21,09:43:48,Completed,450
5146,727,23,Chicken Tikka,2024-06-18,22:27:04,Completed,383
5147,273,88,Burger,2024-06-25,16:49:55,Completed,865
5148,166,184,Masala Dosa,2024-10-02,16:31:51,Completed,561
5149,277,144,Margherita Pizza,2024-05-28,14:39:19,Completed,308
5150,64,116,Masala Dosa,2024-08-19,11:11:46,Completed,270
5151,844,76,Pav Bhaji,2023-11-05,09:21:44,Cancelled,525
5152,647,63,Pav Bhaji,2024-02-09,19:30:29,Completed,938
5153,281,7,Caesar Salad,2023-04-21,13:32:59,Completed,798
5154,14,108,Pav Bhaji,2025-06-21,11:11:26,Completed,412
5155,188,103,Paneer Butter Masala,2023-10-21,10:55:52,Cancelled,525
5156,110,73,Chicken Tikka,2023-07-01,18:33:48,Pending,411
5157,837,199,Chicken Momos,2023-11-17,20:45:38,Completed,315
5158,851,66,Masala Dosa,2023-06-07,16:38:59,Completed,600
5159,934,151,Margherita Pizza,2024-12-13,22:01:28,Completed,495
5160,399,87,Masala Dosa,2023-05-01,09:51:56,Completed,356
5161,744,116,Pav Bhaji,2024-08-04,12:34:55,Completed,638
5162,159,5,Pav Bhaji,2024-05-26,15:32:38,Completed,916
5163,876,109,Pav Bhaji,2023-07-25,11:50:46,Completed,355
5164,533,128,Chicken Tikka,2024-02-07,12:51:44,Completed,845
5165,168,155,Veg Biryani,2025-05-20,14:54:04,Completed,796
5166,142,193,Veg Fried Rice,2024-10-24,14:28:04,Completed,239
5167,539,135,Chicken Momos,2023-01-17,22:07:21,Completed,877
5168,151,7,Farmhouse Pizza,2025-06-23,11:24:27,Completed,428
5169,684,169,Chole Bhature,2025-05-24,17:26:24,Completed,648
5170,370,151,Chicken Momos,2024-05-20,16:21:34,Completed,136
5171,974,22,Farmhouse Pizza,2023-11-22,21:44:57,Pending,723
5172,686,34,Paneer Butter Masala,2025-02-12,11:41:36,Completed,597
5173,349,176,Margherita Pizza,2023-06-13,18:09:32,Completed,219
5174,298,24,Margherita Pizza,2024-02-26,14:55:25,Pending,319
5175,524,52,Burger,2023-08-11,20:02:16,Completed,160
5176,853,159,Burger,2024-02-28,18:59:31,Cancelled,235
5177,510,72,Veg Momos,2024-05-10,19:24:31,Cancelled,921
5178,279,41,Chicken Momos,2024-07-13,12:42:36,Completed,632
5179,895,144,Paneer Butter Masala,2024-08-31,20:23:17,Completed,947
5180,283,6,Butter Chicken,2024-02-21,21:24:30,Completed,225
5181,764,53,Paneer Tikka,2023-10-16,19:09:49,Completed,234
5182,916,183,Paneer Tikka,2025-05-21,12:18:48,Completed,440
5183,441,94,Pav Bhaji,2023-01-27,14:20:20,Completed,298
5184,444,108,Hakka Noodles,2023-02-10,21:03:42,Completed,207
5185,954,77,Paneer Butter Masala,2025-02-23,18:19:06,Completed,517
5186,752,182,Fish Curry,2024-06-07,18:08:14,Completed,605
5187,574,101,Margherita Pizza,2023-01-23,16:27:16,Completed,667
5188,344,165,Caesar Salad,2023-03-10,16:27:55,Completed,332
5189,659,67,Veg Momos,2025-03-07,15:29:04,Completed,549
5190,131,32,Veg Biryani,2023-06-14,19:20:18,Pending,438
5191,600,160,Chicken Biryani,2024-05-08,09:13:05,Completed,522
5192,440,105,Paneer Butter Masala,2024-05-19,19:33:13,Completed,532
5193,488,185,Veg Fried Rice,2025-01-06,12:33:41,Completed,793
5194,142,33,Veg Biryani,2023-03-19,19:02:32,Completed,862
5195,839,99,Butter Chicken,2023-01-11,18:02:24,Completed,419
5196,462,101,Farmhouse Pizza,2024-06-08,12:16:39,Completed,782
5197,124,170,Chicken Biryani,2025-06-26,17:53:39,Pending,128
5198,348,186,Margherita Pizza,2025-04-14,09:01:42,Completed,292
5199,145,132,Chicken Momos,2024-12-04,21:29:04,Completed,820
5200,413,199,Farmhouse Pizza,2024-03-31,17:03:59,Completed,723
5201,816,175,Farmhouse Pizza,2025-06-16,11:17:56,Completed,536
5202,891,126,Farmhouse Pizza,2025-06-08,22:03:15,Completed,940
5203,769,156,Chicken Momos,2025-06-25,11:13:08,Completed,270
5204,206,114,Paneer Butter Masala,2023-05-17,18:59:38,Cancelled,477
5205,865,138,Veg Fried Rice,2023-10-27,22:11:31,Completed,539
5206,297,52,Hakka Noodles,2024-10-04,15:06:49,Completed,780
5207,284,117,Masala Dosa,2024-08-18,10:31:42,Completed,258
5208,554,155,Idli Sambar,2023-06-13,19:41:23,Completed,811
5209,904,123,Chicken Biryani,2024-09-27,09:38:56,Completed,562
5210,818,168,Pav Bhaji,2025-03-11,09:48:20,Completed,240
5211,1000,182,Burger,2024-10-09,15:31:07,Completed,880
5212,216,138,Veg Fried Rice,2023-10-03,10:27:36,Completed,343
5213,490,143,Veg Biryani,2024-08-22,10:57:11,Completed,565
5214,751,82,Chole Bhature,2023-11-18,21:08:36,Completed,208
5215,374,80,Burger,2023-12-31,22:40:37,Completed,612
5216,574,200,Margherita Pizza,2025-05-06,22:15:48,Completed,737
5217,168,107,Caesar Salad,2024-02-17,18:07:51,Pending,421
5218,216,36,Caesar Salad,2023-07-27,16:18:42,Completed,411
5219,253,108,Farmhouse Pizza,2024-08-20,13:31:20,Completed,715
5220,599,8,Burger,2023-03-19,10:31:46,Completed,504
5221,945,30,Paneer Tikka,2023-09-08,19:29:35,Completed,172
5222,232,184,Paneer Tikka,2024-01-31,22:09:00,Completed,870
5223,653,15,Dal Makhani,2023-09-15,21:20:21,Completed,182
5224,114,175,Burger,2025-05-26,20:07:13,Completed,846
5225,445,119,Butter Chicken,2023-06-24,22:03:18,Completed,771
5226,910,156,Idli Sambar,2023-10-22,13:33:40,Completed,835
5227,65,133,Burger,2025-01-25,17:47:50,Completed,289
5228,162,182,Caesar Salad,2024-01-22,09:40:52,Completed,659
5229,466,66,Veg Biryani,2024-07-06,20:45:50,Completed,721
5230,578,11,Pav Bhaji,2025-05-27,22:54:41,Completed,777
5231,473,19,Chicken Tikka,2025-01-16,11:59:05,Completed,639
5232,450,9,Chicken Tikka,2023-07-08,12:59:57,Completed,657
5233,34,46,Idli Sambar,2024-10-15,21:42:22,Completed,894
5234,842,130,Pav Bhaji,2023-10-29,18:26:06,Completed,382
5235,295,74,Chole Bhature,2025-01-11,15:56:46,Pending,824
5236,516,167,Paneer Butter Masala,2023-01-04,20:22:35,Completed,814
5237,839,172,Caesar Salad,2023-09-06,12:25:11,Completed,368
5238,87,105,Veg Fried Rice,2024-12-22,13:40:44,Cancelled,366
5239,144,152,Veg Fried Rice,2024-04-12,12:27:07,Completed,717
5240,580,35,Paneer Butter Masala,2024-07-17,17:25:24,Completed,881
5241,84,44,Masala Dosa,2025-03-11,18:22:01,Completed,440
5242,597,65,Paneer Tikka,2023-06-23,21:39:21,Completed,778
5243,572,32,Pav Bhaji,2023-03-14,14:27:14,Completed,922
5244,456,41,Veg Biryani,2024-04-24,17:13:07,Completed,416
5245,784,87,Caesar Salad,2023-01-08,19:48:22,Cancelled,783
5246,76,134,Paneer Butter Masala,2025-05-05,16:28:39,Completed,908
5247,680,166,Pav Bhaji,2024-11-17,11:08:05,Completed,820
5248,330,86,Chicken Tikka,2024-12-09,12:10:39,Completed,737
5249,335,3,Idli Sambar,2023-02-27,14:56:58,Completed,236
5250,924,62,Pav Bhaji,2023-11-12,13:04:18,Completed,190
5251,481,184,Veg Biryani,2024-02-23,18:13:16,Completed,336
5252,281,114,Fish Curry,2025-04-03,20:33:54,Completed,873
5253,153,36,Farmhouse Pizza,2024-04-23,11:42:33,Completed,944
5254,33,67,Butter Chicken,2023-03-31,15:10:36,Completed,928
5255,122,194,Caesar Salad,2024-05-01,12:11:25,Completed,484
5256,585,155,Masala Dosa,2025-03-16,11:15:58,Completed,195
5257,28,49,Idli Sambar,2023-09-09,22:06:35,Pending,145
5258,708,191,Chole Bhature,2023-09-11,17:32:12,Completed,639
5259,567,164,Paneer Butter Masala,2023-05-29,18:36:32,Completed,804
5260,709,120,Margherita Pizza,2023-04-05,09:42:48,Completed,903
5261,401,78,Paneer Butter Masala,2023-09-20,17:50:19,Completed,630
5262,305,121,Butter Chicken,2023-09-08,17:29:58,Completed,658
5263,506,148,Chole Bhature,2024-01-25,22:47:24,Completed,708
5264,48,189,Masala Dosa,2024-02-10,22:45:59,Completed,253
5265,277,45,Chole Bhature,2024-09-05,10:27:51,Completed,166
5266,192,64,Chicken Momos,2024-02-27,22:44:23,Completed,383
5267,264,72,Chole Bhature,2024-02-09,10:12:40,Completed,648
5268,104,67,Idli Sambar,2024-05-07,22:11:03,Completed,306
5269,844,150,Fish Curry,2024-08-14,14:23:29,Completed,844
5270,633,93,Butter Chicken,2023-04-16,20:21:24,Completed,570
5271,729,199,Veg Momos,2023-12-24,19:24:52,Completed,571
5272,248,26,Hakka Noodles,2024-03-19,18:05:09,Completed,254
5273,801,38,Paneer Butter Masala,2024-12-27,15:30:16,Completed,543
5274,176,19,Veg Biryani,2023-01-26,12:09:29,Completed,158
5275,705,15,Chicken Biryani,2023-04-23,13:53:39,Completed,486
5276,975,194,Fish Curry,2024-08-29,09:31:55,Pending,541
5277,811,197,Chicken Tikka,2025-03-21,19:28:31,Completed,659
5278,359,118,Paneer Butter Masala,2025-05-08,12:17:51,Completed,711
5279,150,168,Veg Momos,2025-03-16,16:08:24,Completed,730
5280,955,43,Hakka Noodles,2024-01-31,18:19:18,Completed,777
5281,426,64,Veg Biryani,2024-11-23,16:27:18,Completed,171
5282,569,163,Paneer Butter Masala,2023-10-27,09:55:58,Completed,191
5283,255,88,Caesar Salad,2023-05-19,13:34:19,Completed,185
5284,262,165,Paneer Tikka,2024-01-11,09:44:51,Completed,729
5285,626,75,Paneer Tikka,2024-02-05,14:52:55,Completed,248
5286,830,7,Chicken Momos,2024-09-28,13:04:51,Completed,870
5287,671,73,Hakka Noodles,2024-05-27,18:45:02,Completed,792
5288,733,72,Burger,2024-09-09,17:59:22,Cancelled,797
5289,322,145,Margherita Pizza,2023-05-14,17:08:11,Completed,847
5290,799,50,Chicken Momos,2023-09-01,13:46:06,Completed,291
5291,898,50,Chole Bhature,2023-09-19,13:48:49,Completed,283
5292,101,109,Veg Momos,2024-10-08,20:38:51,Completed,888
5293,626,3,Masala Dosa,2024-05-09,15:57:05,Cancelled,527
5294,855,172,Chicken Tikka,2023-07-11,10:45:03,Pending,245
5295,187,135,Caesar Salad,2023-03-25,21:17:44,Completed,738
5296,999,16,Paneer Tikka,2024-04-01,16:41:20,Completed,261
5297,139,165,Caesar Salad,2024-09-06,15:58:06,Completed,415
5298,182,197,Veg Biryani,2023-07-12,19:48:37,Pending,161
5299,593,42,Dal Makhani,2023-03-18,17:59:33,Cancelled,947
5300,30,17,Margherita Pizza,2025-04-26,21:33:22,Cancelled,600
5301,114,66,Veg Biryani,2024-01-05,15:26:30,Completed,425
5302,358,158,Margherita Pizza,2025-03-26,09:43:21,Completed,727
5303,624,76,Chicken Tikka,2023-11-15,16:07:17,Completed,194
5304,233,67,Veg Biryani,2024-07-09,19:48:57,Completed,736
5305,730,130,Chicken Biryani,2024-06-22,13:37:34,Completed,723
5306,710,34,Farmhouse Pizza,2023-03-06,18:03:02,Completed,185
5307,807,126,Chicken Biryani,2023-09-10,21:05:15,Completed,349
5308,240,193,Pav Bhaji,2024-08-31,22:52:10,Completed,429
5309,710,161,Hakka Noodles,2024-09-11,18:14:52,Completed,678
5310,243,18,Burger,2023-12-17,22:24:29,Completed,451
5311,760,176,Fish Curry,2023-05-29,21:58:52,Pending,502
5312,703,85,Fish Curry,2025-03-08,18:58:10,Completed,820
5313,872,80,Chicken Tikka,2023-04-20,16:27:03,Pending,161
5314,512,141,Chicken Momos,2024-08-01,12:22:16,Completed,709
5315,963,43,Veg Momos,2024-07-30,10:10:07,Completed,330
5316,850,134,Dal Makhani,2023-10-17,10:06:27,Cancelled,458
5317,759,77,Masala Dosa,2023-07-18,19:45:31,Completed,803
5318,400,110,Hakka Noodles,2023-04-11,10:17:40,Completed,320
5319,726,182,Chole Bhature,2023-10-21,22:17:02,Completed,446
5320,972,41,Chicken Biryani,2023-07-03,19:08:09,Pending,913
5321,448,108,Veg Biryani,2023-04-01,16:06:01,Completed,425
5322,308,20,Farmhouse Pizza,2024-09-28,20:55:51,Completed,601
5323,221,145,Masala Dosa,2024-08-05,15:43:37,Completed,324
5324,812,196,Dal Makhani,2025-04-28,12:48:20,Completed,405
5325,202,101,Pav Bhaji,2023-06-08,20:58:26,Cancelled,700
5326,750,20,Margherita Pizza,2024-03-10,16:22:44,Completed,491
5327,675,2,Idli Sambar,2024-11-27,21:32:39,Completed,275
5328,607,164,Paneer Butter Masala,2024-01-04,16:44:26,Completed,230
5329,914,83,Paneer Butter Masala,2024-07-22,12:56:15,Completed,135
5330,293,109,Burger,2023-12-23,14:06:40,Completed,420
5331,704,19,Hakka Noodles,2024-05-22,11:16:03,Completed,399
5332,65,106,Butter Chicken,2024-09-03,11:13:11,Completed,214
5333,868,18,Chole Bhature,2023-04-14,10:59:35,Completed,661
5334,697,123,Paneer Butter Masala,2023-03-15,11:37:04,Completed,879
5335,484,175,Idli Sambar,2024-05-17,18:21:14,Completed,369
5336,284,188,Veg Fried Rice,2023-07-21,16:32:14,Cancelled,654
5337,532,65,Veg Biryani,2024-01-26,12:05:03,Completed,188
5338,280,152,Veg Momos,2023-01-23,20:56:10,Completed,913
5339,373,29,Chicken Tikka,2025-02-24,20:29:01,Completed,670
5340,495,152,Fish Curry,2024-02-23,20:13:35,Pending,806
5341,498,24,Veg Fried Rice,2023-02-17,18:33:06,Completed,805
5342,507,144,Chicken Biryani,2024-03-21,12:51:25,Completed,889
5343,406,83,Masala Dosa,2024-12-29,17:09:13,Completed,226
5344,377,14,Idli Sambar,2023-12-12,12:12:32,Completed,908
5345,934,141,Paneer Butter Masala,2024-03-02,18:46:28,Pending,194
5346,343,60,Fish Curry,2024-10-03,18:50:00,Completed,797
5347,721,78,Caesar Salad,2023-06-05,16:35:31,Completed,882
5348,285,163,Chicken Momos,2024-07-13,21:53:14,Cancelled,469
5349,635,88,Pav Bhaji,2025-03-10,20:13:31,Completed,551
5350,155,128,Hakka Noodles,2024-07-27,17:28:25,Completed,495
5351,852,147,Masala Dosa,2024-07-26,21:03:40,Completed,791
5352,162,129,Veg Momos,2024-08-09,16:36:43,Completed,826
5353,325,173,Veg Biryani,2024-04-21,13:58:15,Completed,641
5354,299,109,Veg Biryani,2023-11-22,22:26:04,Completed,599
5355,964,171,Margherita Pizza,2023-12-19,09:37:52,Completed,149
5356,410,166,Dal Makhani,2025-05-09,22:18:35,Completed,776
5357,580,20,Veg Biryani,2025-06-23,20:59:56,Cancelled,823
5358,645,62,Chicken Biryani,2024-06-14,09:07:35,Completed,626
5359,177,15,Chole Bhature,2024-02-25,19:57:16,Completed,366
5360,379,20,Chicken Momos,2023-02-28,15:29:37,Completed,850
5361,733,163,Veg Biryani,2024-02-17,13:51:26,Completed,270
5362,957,132,Caesar Salad,2025-01-21,15:13:56,Completed,317
5363,287,117,Veg Biryani,2024-09-11,16:04:13,Completed,784
5364,496,92,Veg Biryani,2024-08-01,09:44:53,Completed,304
5365,454,132,Dal Makhani,2023-10-28,15:20:29,Completed,446
5366,654,63,Chicken Momos,2024-11-22,13:52:11,Completed,556
5367,458,126,Caesar Salad,2025-01-19,10:14:28,Completed,779
5368,178,118,Paneer Butter Masala,2023-11-08,21:11:51,Completed,574
5369,349,82,Chicken Momos,2023-03-20,14:43:53,Completed,343
5370,939,78,Margherita Pizza,2024-10-29,11:12:13,Cancelled,843
5371,908,181,Farmhouse Pizza,2024-12-24,13:16:40,Cancelled,792
5372,366,99,Chicken Biryani,2024-08-20,10:59:08,Completed,450
5373,540,121,Paneer Tikka,2023-11-16,19:39:24,Completed,222
5374,692,148,Paneer Tikka,2023-01-23,19:09:10,Completed,656
5375,919,152,Fish Curry,2023-01-25,09:08:07,Completed,608
5376,625,72,Chicken Tikka,2025-04-29,19:58:33,Completed,777
5377,151,87,Margherita Pizza,2024-04-02,18:38:51,Completed,351
5378,210,165,Chicken Biryani,2024-10-31,21:40:57,Completed,691
5379,602,116,Chole Bhature,2025-06-13,11:11:36,Completed,231
5380,119,128,Hakka Noodles,2023-09-24,12:17:51,Completed,853
5381,140,98,Butter Chicken,2023-06-09,10:41:41,Completed,875
5382,23,164,Veg Fried Rice,2023-11-25,10:33:34,Completed,674
5383,929,34,Veg Momos,2025-06-24,11:12:20,Completed,447
5384,105,138,Fish Curry,2024-08-03,13:46:58,Completed,626
5385,278,180,Burger,2024-01-13,22:18:38,Pending,686
5386,989,61,Butter Chicken,2023-11-21,14:09:58,Pending,232
5387,108,126,Burger,2023-09-05,21:57:30,Completed,348
5388,403,130,Pav Bhaji,2024-08-06,15:27:18,Completed,226
5389,905,135,Veg Fried Rice,2025-01-31,21:26:50,Completed,339
5390,950,110,Masala Dosa,2025-05-17,11:38:32,Completed,790
5391,227,150,Farmhouse Pizza,2025-04-23,10:04:39,Completed,864
5392,544,123,Idli Sambar,2025-06-24,20:38:10,Completed,486
5393,580,40,Paneer Butter Masala,2023-02-15,09:41:00,Completed,583
5394,106,165,Chicken Momos,2025-02-12,21:43:40,Completed,320
5395,369,164,Farmhouse Pizza,2024-01-08,18:18:08,Cancelled,803
5396,975,115,Chole Bhature,2023-05-25,13:37:16,Completed,933
5397,141,29,Hakka Noodles,2023-04-09,10:42:21,Completed,512
5398,19,16,Masala Dosa,2025-03-08,12:00:11,Pending,835
5399,843,30,Chicken Tikka,2024-02-13,11:32:01,Completed,719
5400,485,68,Chicken Tikka,2025-02-16,22:03:59,Completed,604
5401,482,89,Veg Fried Rice,2023-04-19,09:14:23,Completed,249
5402,475,10,Chicken Momos,2023-02-09,22:43:27,Completed,800
5403,261,145,Caesar Salad,2024-03-06,21:17:00,Completed,759
5404,984,147,Idli Sambar,2025-02-24,17:02:09,Completed,724
5405,108,3,Chicken Momos,2024-07-24,17:53:45,Completed,738
5406,691,49,Chicken Biryani,2024-05-27,16:07:27,Completed,235
5407,558,1,Butter Chicken,2023-12-22,22:28:04,Completed,517
5408,508,152,Hakka Noodles,2024-08-14,14:30:39,Completed,576
5409,861,45,Caesar Salad,2024-03-06,21:20:32,Completed,417
5410,213,23,Chicken Biryani,2023-10-21,18:33:23,Pending,391
5411,538,151,Dal Makhani,2024-11-13,20:21:04,Completed,712
5412,496,17,Burger,2024-11-30,12:37:31,Completed,623
5413,860,106,Dal Makhani,2025-03-04,18:46:48,Completed,165
5414,53,156,Masala Dosa,2024-11-01,14:56:35,Completed,393
5415,979,80,Caesar Salad,2023-11-22,15:17:36,Completed,417
5416,76,150,Chicken Tikka,2024-12-18,18:39:38,Completed,771
5417,733,170,Chole Bhature,2024-07-25,16:44:06,Completed,942
5418,244,71,Veg Biryani,2024-04-01,21:50:27,Completed,241
5419,196,36,Veg Biryani,2025-01-18,15:57:07,Completed,137
5420,623,82,Masala Dosa,2023-05-20,11:18:10,Completed,924
5421,887,111,Chicken Biryani,2023-01-10,19:08:19,Cancelled,578
5422,952,183,Chicken Momos,2023-08-22,20:44:02,Completed,273
5423,99,44,Dal Makhani,2024-04-14,18:10:22,Completed,602
5424,863,199,Chole Bhature,2023-04-04,17:29:28,Completed,331
5425,310,123,Dal Makhani,2023-04-23,22:37:50,Completed,146
5426,728,29,Masala Dosa,2025-03-01,18:47:41,Cancelled,575
5427,654,137,Farmhouse Pizza,2023-03-02,11:32:36,Completed,854
5428,858,107,Chicken Tikka,2023-11-09,22:40:13,Completed,504
5429,158,120,Veg Biryani,2023-12-11,16:27:35,Completed,599
5430,721,181,Pav Bhaji,2023-02-02,14:44:01,Completed,351
5431,104,126,Farmhouse Pizza,2024-07-26,14:09:47,Cancelled,730
5432,443,194,Fish Curry,2024-03-07,14:12:05,Completed,274
5433,773,99,Veg Biryani,2024-07-26,16:28:45,Completed,234
5434,865,133,Veg Biryani,2024-07-19,11:46:50,Completed,581
5435,315,193,Masala Dosa,2024-08-30,16:13:36,Completed,196
5436,521,65,Masala Dosa,2024-06-12,09:29:28,Completed,422
5437,968,37,Masala Dosa,2025-06-27,22:21:18,Completed,583
5438,222,191,Dal Makhani,2023-05-10,12:59:48,Pending,947
5439,227,136,Chicken Momos,2024-01-19,09:16:04,Completed,192
5440,878,39,Pav Bhaji,2024-01-23,10:09:01,Completed,380
5441,202,97,Margherita Pizza,2025-04-20,20:09:57,Cancelled,926
5442,315,133,Fish Curry,2024-02-07,13:15:14,Completed,660
5443,945,141,Margherita Pizza,2023-02-04,21:15:09,Completed,818
5444,661,89,Chole Bhature,2024-02-16,17:08:49,Completed,428
5445,245,129,Chicken Tikka,2024-03-22,16:39:02,Completed,767
5446,250,18,Hakka Noodles,2025-05-29,15:09:45,Completed,816
5447,848,54,Chicken Biryani,2024-11-11,10:27:05,Completed,164
5448,186,19,Veg Momos,2025-06-11,10:53:03,Completed,806
5449,840,171,Idli Sambar,2024-10-03,10:22:56,Completed,828
5450,828,71,Burger,2023-11-06,18:44:42,Completed,577
5451,471,59,Fish Curry,2025-06-30,15:07:46,Cancelled,869
5452,797,33,Caesar Salad,2025-01-26,19:27:23,Completed,898
5453,72,85,Idli Sambar,2024-08-28,17:59:42,Pending,730
5454,39,103,Masala Dosa,2025-05-30,17:12:22,Completed,196
5455,576,63,Pav Bhaji,2023-12-29,14:08:36,Completed,334
5456,794,33,Farmhouse Pizza,2023-08-16,14:33:44,Pending,473
5457,686,131,Dal Makhani,2023-11-29,16:47:49,Completed,467
5458,797,70,Veg Momos,2023-04-05,17:45:44,Completed,821
5459,279,133,Dal Makhani,2024-05-07,17:38:51,Completed,940
5460,165,102,Chicken Biryani,2023-11-27,09:28:34,Completed,839
5461,984,16,Caesar Salad,2023-04-07,22:03:38,Completed,439
5462,84,199,Caesar Salad,2023-08-03,16:24:32,Completed,289
5463,665,151,Butter Chicken,2024-02-28,15:43:56,Completed,911
5464,292,173,Paneer Tikka,2025-04-17,13:55:56,Completed,556
5465,939,156,Farmhouse Pizza,2024-04-06,12:16:15,Completed,458
5466,259,114,Veg Fried Rice,2025-02-09,19:00:22,Completed,555
5467,196,44,Chicken Momos,2025-02-27,14:16:58,Completed,903
5468,169,24,Burger,2024-11-19,21:40:47,Completed,217
5469,458,157,Idli Sambar,2025-04-23,10:31:57,Completed,168
5470,174,14,Dal Makhani,2024-07-30,16:02:59,Completed,761
5471,947,95,Chicken Tikka,2023-07-02,11:38:58,Cancelled,464
5472,720,148,Veg Biryani,2025-02-05,09:33:15,Completed,148
5473,143,199,Idli Sambar,2024-02-12,21:32:32,Completed,374
5474,86,140,Margherita Pizza,2025-01-11,18:49:43,Completed,655
5475,27,29,Chicken Momos,2023-08-22,20:11:23,Completed,663
5476,965,150,Butter Chicken,2025-04-25,22:15:53,Completed,306
5477,556,27,Burger,2025-04-14,15:43:04,Completed,799
5478,345,148,Paneer Tikka,2024-11-20,12:00:03,Completed,639
5479,301,117,Paneer Tikka,2024-12-14,18:18:23,Completed,712
5480,316,151,Masala Dosa,2024-03-30,21:30:51,Cancelled,488
5481,964,85,Butter Chicken,2024-04-18,17:31:08,Completed,334
5482,210,54,Burger,2023-08-23,12:18:48,Cancelled,687
5483,484,174,Paneer Butter Masala,2024-04-03,17:01:55,Completed,735
5484,708,135,Masala Dosa,2024-06-09,17:45:52,Completed,551
5485,41,76,Hakka Noodles,2024-12-13,14:06:26,Completed,456
5486,146,106,Veg Biryani,2023-01-30,17:52:53,Completed,591
5487,288,102,Dal Makhani,2025-02-12,16:35:06,Completed,390
5488,96,64,Caesar Salad,2023-08-17,22:47:36,Completed,173
5489,647,8,Veg Fried Rice,2023-08-12,15:29:54,Cancelled,455
5490,321,179,Caesar Salad,2024-11-20,16:33:03,Completed,757
5491,727,60,Margherita Pizza,2024-12-23,10:19:31,Completed,862
5492,260,118,Paneer Butter Masala,2023-12-06,09:00:12,Completed,692
5493,21,15,Margherita Pizza,2023-12-11,14:20:25,Completed,317
5494,208,46,Hakka Noodles,2023-12-27,16:27:39,Completed,615
5495,224,180,Dal Makhani,2023-12-23,18:55:58,Completed,306
5496,269,65,Fish Curry,2025-05-12,21:26:34,Completed,906
5497,976,145,Paneer Tikka,2023-03-12,21:54:02,Completed,476
5498,565,98,Chole Bhature,2023-09-14,13:50:28,Completed,158
5499,715,20,Farmhouse Pizza,2024-04-03,19:31:10,Completed,541
5500,752,57,Hakka Noodles,2024-07-20,13:52:00,Completed,529
5501,285,131,Fish Curry,2023-10-30,10:26:10,Completed,640
5502,969,114,Farmhouse Pizza,2025-03-13,16:25:03,Completed,426
5503,920,178,Caesar Salad,2024-12-11,11:32:21,Completed,881
5504,692,21,Paneer Tikka,2024-08-25,12:43:41,Cancelled,831
5505,551,117,Chole Bhature,2024-06-28,09:22:58,Completed,193
5506,750,160,Margherita Pizza,2025-04-19,14:37:43,Pending,702
5507,669,117,Idli Sambar,2025-02-26,12:45:40,Completed,568
5508,253,108,Idli Sambar,2023-05-29,19:58:56,Completed,598
5509,635,168,Paneer Tikka,2023-02-17,12:45:37,Completed,653
5510,259,9,Hakka Noodles,2023-09-03,18:22:27,Completed,704
5511,516,137,Veg Fried Rice,2023-09-14,21:12:33,Completed,135
5512,866,131,Burger,2024-08-17,22:37:46,Completed,185
5513,387,72,Paneer Butter Masala,2024-02-17,12:51:32,Completed,432
5514,323,33,Veg Biryani,2024-11-01,11:51:41,Completed,404
5515,614,99,Hakka Noodles,2025-04-27,19:41:39,Completed,627
5516,8,48,Veg Biryani,2024-02-06,12:44:25,Completed,455
5517,734,192,Pav Bhaji,2024-03-28,13:54:43,Completed,837
5518,512,16,Masala Dosa,2024-03-25,10:35:28,Completed,821
5519,860,38,Pav Bhaji,2025-02-01,19:51:28,Completed,641
5520,604,73,Paneer Tikka,2025-06-26,14:29:43,Completed,838
5521,215,148,Chicken Tikka,2023-08-22,12:05:15,Completed,191
5522,556,57,Chicken Tikka,2024-03-16,18:17:24,Completed,848
5523,210,80,Idli Sambar,2023-07-22,18:05:58,Completed,820
5524,314,97,Veg Fried Rice,2023-10-15,22:17:49,Cancelled,271
5525,461,99,Chicken Biryani,2023-12-06,10:55:36,Completed,254
5526,776,66,Chicken Tikka,2023-01-09,20:50:58,Completed,569
5527,597,166,Veg Biryani,2025-05-12,12:51:14,Completed,313
5528,911,19,Burger,2023-09-08,13:47:02,Completed,135
5529,325,2,Veg Biryani,2025-03-17,13:10:03,Completed,602
5530,466,24,Paneer Tikka,2024-01-16,09:06:57,Completed,265
5531,830,111,Butter Chicken,2024-03-18,15:32:34,Completed,189
5532,400,99,Burger,2024-04-06,12:30:43,Completed,474
5533,661,80,Veg Biryani,2025-05-03,18:39:21,Completed,279
5534,395,94,Hakka Noodles,2024-01-27,17:03:33,Completed,641
5535,499,120,Paneer Butter Masala,2024-04-24,22:33:04,Completed,438
5536,602,65,Pav Bhaji,2024-08-16,15:32:01,Completed,809
5537,926,155,Veg Momos,2025-02-12,11:53:25,Completed,735
5538,122,172,Veg Momos,2024-12-24,17:16:22,Completed,226
5539,67,162,Chicken Tikka,2024-03-16,19:59:06,Completed,190
5540,677,74,Chicken Tikka,2025-06-10,22:28:28,Completed,734
5541,470,116,Veg Momos,2025-03-21,22:52:33,Completed,749
5542,843,50,Veg Momos,2024-04-24,22:18:58,Completed,336
5543,225,51,Chole Bhature,2024-07-06,21:19:11,Completed,309
5544,180,12,Chicken Momos,2024-04-09,22:19:10,Completed,428
5545,548,151,Chole Bhature,2025-02-12,15:39:30,Pending,407
5546,702,177,Veg Fried Rice,2023-11-25,11:04:22,Completed,286
5547,830,190,Margherita Pizza,2025-01-27,21:23:51,Completed,630
5548,22,59,Burger,2023-06-06,16:39:51,Completed,496
5549,921,200,Pav Bhaji,2024-03-14,21:49:15,Completed,661
5550,565,39,Paneer Tikka,2025-03-24,09:09:30,Completed,302
5551,479,37,Hakka Noodles,2023-11-06,11:40:05,Completed,147
5552,497,15,Caesar Salad,2023-03-03,10:44:19,Completed,685
5553,652,188,Butter Chicken,2023-08-21,12:32:02,Completed,239
5554,801,138,Chicken Tikka,2023-03-04,22:51:44,Completed,906
5555,303,108,Chicken Biryani,2024-04-06,13:55:32,Completed,896
5556,457,66,Fish Curry,2025-02-21,17:07:28,Completed,302
5557,528,112,Pav Bhaji,2025-06-29,10:39:50,Completed,216
5558,856,68,Butter Chicken,2023-01-11,16:54:28,Completed,526
5559,429,99,Hakka Noodles,2023-11-03,11:01:20,Completed,772
5560,174,113,Veg Fried Rice,2024-08-04,18:08:35,Completed,899
5561,611,8,Pav Bhaji,2024-08-23,21:00:25,Completed,583
5562,987,22,Idli Sambar,2023-02-02,13:39:03,Completed,356
5563,247,156,Paneer Butter Masala,2023-03-14,15:46:36,Pending,891
5564,578,108,Burger,2023-05-11,18:24:13,Completed,819
5565,928,71,Hakka Noodles,2023-10-07,16:13:07,Completed,622
5566,824,116,Veg Fried Rice,2025-02-16,14:34:53,Completed,662
5567,560,35,Butter Chicken,2023-03-02,16:19:28,Completed,717
5568,686,185,Butter Chicken,2024-05-23,11:49:38,Completed,465
5569,109,84,Hakka Noodles,2023-08-20,15:07:35,Completed,121
5570,206,37,Chole Bhature,2025-05-06,19:08:43,Completed,481
5571,590,75,Dal Makhani,2023-07-25,20:23:29,Cancelled,545
5572,564,21,Chole Bhature,2025-01-17,12:31:41,Completed,253
5573,506,137,Burger,2024-09-23,22:15:54,Completed,370
5574,8,91,Margherita Pizza,2024-11-05,11:29:57,Completed,202
5575,198,19,Caesar Salad,2023-09-14,12:40:24,Completed,217
5576,838,176,Burger,2024-12-07,21:09:38,Completed,382
5577,135,108,Margherita Pizza,2023-06-16,13:39:30,Completed,726
5578,644,44,Masala Dosa,2024-07-26,19:07:18,Completed,903
5579,293,14,Margherita Pizza,2023-01-16,19:16:30,Completed,594
5580,979,147,Farmhouse Pizza,2023-03-18,10:13:35,Completed,920
5581,897,150,Chole Bhature,2023-05-18,11:08:41,Completed,198
5582,84,176,Chicken Biryani,2023-05-12,22:34:12,Completed,477
5583,941,190,Veg Biryani,2025-04-08,17:19:59,Completed,531
5584,849,127,Margherita Pizza,2023-02-05,14:32:28,Completed,304
5585,632,5,Hakka Noodles,2024-11-27,17:44:01,Pending,629
5586,270,162,Caesar Salad,2023-09-01,21:56:00,Completed,476
5587,984,148,Veg Fried Rice,2024-10-01,17:33:55,Completed,287
5588,852,184,Masala Dosa,2023-09-10,20:35:23,Completed,519
5589,584,17,Veg Fried Rice,2025-06-23,20:15:50,Completed,633
5590,44,77,Butter Chicken,2024-11-01,11:01:41,Completed,369
5591,99,159,Paneer Butter Masala,2024-08-12,20:27:15,Completed,669
5592,492,53,Farmhouse Pizza,2023-08-29,14:54:13,Completed,920
5593,793,127,Farmhouse Pizza,2024-05-13,12:59:13,Cancelled,198
5594,169,47,Margherita Pizza,2024-09-06,20:57:57,Completed,546
5595,804,164,Hakka Noodles,2023-09-20,19:16:46,Completed,736
5596,671,96,Margherita Pizza,2023-05-02,10:05:20,Cancelled,294
5597,830,71,Idli Sambar,2023-12-26,18:47:32,Completed,862
5598,988,139,Chicken Momos,2023-11-03,21:07:40,Completed,434
5599,750,56,Margherita Pizza,2023-08-03,19:00:57,Completed,482
5600,190,111,Butter Chicken,2025-05-23,21:32:28,Completed,587
5601,780,95,Paneer Butter Masala,2023-06-09,13:05:50,Cancelled,837
5602,888,86,Idli Sambar,2024-08-10,11:05:03,Cancelled,766
5603,39,62,Chicken Biryani,2023-05-23,10:55:55,Completed,289
5604,945,139,Veg Fried Rice,2024-10-27,09:47:03,Pending,851
5605,423,149,Hakka Noodles,2024-03-30,22:54:07,Completed,386
5606,420,192,Veg Fried Rice,2024-05-09,16:51:07,Completed,817
5607,918,161,Dal Makhani,2025-02-20,09:47:04,Completed,749
5608,414,69,Fish Curry,2025-02-01,12:59:52,Completed,754
5609,685,158,Hakka Noodles,2024-12-19,22:18:05,Completed,347
5610,697,162,Chicken Biryani,2023-10-01,18:23:43,Completed,310
5611,743,155,Chicken Biryani,2024-07-03,21:29:10,Completed,703
5612,84,20,Butter Chicken,2023-08-01,14:35:34,Completed,789
5613,167,146,Masala Dosa,2024-11-04,21:09:10,Completed,739
5614,131,176,Caesar Salad,2024-05-04,19:09:14,Completed,137
5615,101,180,Idli Sambar,2024-10-20,12:15:47,Pending,242
5616,781,76,Paneer Butter Masala,2025-04-09,20:17:18,Completed,755
5617,264,111,Margherita Pizza,2025-06-10,10:46:32,Completed,873
5618,797,90,Idli Sambar,2023-10-26,19:41:49,Completed,534
5619,136,115,Paneer Butter Masala,2024-10-21,11:49:55,Completed,844
5620,534,10,Paneer Tikka,2023-08-20,19:31:33,Completed,574
5621,429,75,Pav Bhaji,2025-02-11,11:13:10,Completed,390
5622,376,82,Chicken Tikka,2024-08-07,16:55:10,Completed,494
5623,871,90,Farmhouse Pizza,2025-06-22,09:39:08,Completed,304
5624,69,99,Paneer Butter Masala,2023-08-18,21:51:13,Completed,452
5625,105,165,Chicken Biryani,2024-12-05,09:51:56,Pending,868
5626,38,183,Veg Biryani,2025-03-21,09:01:48,Completed,511
5627,668,75,Caesar Salad,2024-10-29,17:41:27,Completed,321
5628,862,141,Chole Bhature,2023-03-28,10:55:58,Completed,738
5629,919,25,Chicken Momos,2024-03-10,21:54:33,Cancelled,886
5630,692,158,Hakka Noodles,2023-08-18,21:11:53,Completed,283
5631,986,40,Veg Momos,2024-03-22,16:37:49,Completed,713
5632,359,45,Veg Biryani,2024-05-17,10:20:44,Cancelled,277
5633,435,156,Chole Bhature,2023-04-23,22:14:19,Completed,831
5634,796,18,Dal Makhani,2023-04-04,22:05:25,Completed,939
5635,626,130,Chole Bhature,2024-01-13,18:20:31,Completed,193
5636,258,167,Pav Bhaji,2024-05-01,22:38:47,Completed,554
5637,348,53,Dal Makhani,2023-06-23,09:25:54,Completed,741
5638,130,22,Fish Curry,2023-09-26,22:32:17,Completed,911
5639,201,13,Chicken Tikka,2025-06-17,21:10:39,Completed,908
5640,953,160,Chicken Biryani,2024-11-24,17:36:55,Completed,336
5641,890,65,Veg Fried Rice,2023-06-05,15:59:14,Completed,717
5642,756,76,Burger,2024-06-01,17:33:40,Completed,495
5643,13,89,Masala Dosa,2024-06-26,09:38:05,Completed,799
5644,16,116,Margherita Pizza,2024-08-26,09:08:27,Completed,761
5645,886,113,Dal Makhani,2023-01-27,09:23:31,Completed,161
5646,654,68,Chicken Biryani,2023-07-24,18:19:23,Completed,318
5647,726,15,Veg Momos,2023-08-05,21:57:26,Cancelled,935
5648,555,176,Pav Bhaji,2024-09-29,16:25:23,Completed,877
5649,752,191,Chicken Momos,2023-12-22,14:20:26,Completed,636
5650,920,52,Veg Fried Rice,2023-06-14,20:18:00,Completed,651
5651,733,111,Veg Momos,2023-06-23,22:53:27,Completed,563
5652,718,178,Margherita Pizza,2025-05-14,17:24:09,Completed,300
5653,752,134,Veg Biryani,2024-10-29,14:08:56,Completed,502
5654,66,111,Margherita Pizza,2024-05-03,13:08:37,Completed,767
5655,382,36,Veg Biryani,2024-08-21,21:52:49,Completed,327
5656,433,49,Paneer Butter Masala,2024-02-03,15:38:12,Completed,730
5657,813,152,Dal Makhani,2023-12-03,10:22:22,Completed,320
5658,389,41,Hakka Noodles,2024-07-18,09:09:02,Completed,192
5659,296,14,Veg Fried Rice,2023-08-15,18:08:00,Completed,865
5660,740,22,Dal Makhani,2024-11-21,20:52:08,Completed,444
5661,648,113,Chicken Biryani,2024-07-23,19:07:33,Completed,345
5662,125,88,Farmhouse Pizza,2025-06-13,20:38:52,Completed,815
5663,365,192,Dal Makhani,2024-06-14,11:58:54,Cancelled,400
5664,843,200,Chicken Biryani,2023-08-24,14:55:50,Completed,692
5665,471,159,Veg Momos,2023-08-30,21:41:51,Completed,716
5666,146,174,Fish Curry,2024-02-28,09:06:33,Completed,387
5667,370,141,Idli Sambar,2023-06-09,21:22:32,Completed,324
5668,124,142,Paneer Tikka,2025-04-19,17:20:37,Completed,553
5669,956,175,Veg Momos,2025-04-05,21:48:20,Completed,363
5670,671,130,Caesar Salad,2023-12-27,20:54:05,Completed,840
5671,70,144,Hakka Noodles,2023-08-23,18:59:10,Completed,336
5672,921,52,Farmhouse Pizza,2024-10-16,14:30:11,Completed,228
5673,600,46,Butter Chicken,2024-01-18,13:11:26,Completed,779
5674,108,25,Chole Bhature,2024-11-18,19:27:07,Completed,183
5675,488,23,Chicken Tikka,2024-12-01,22:17:13,Completed,346
5676,5,57,Hakka Noodles,2024-05-07,14:11:10,Completed,566
5677,376,161,Paneer Tikka,2024-08-01,19:58:48,Completed,491
5678,51,124,Margherita Pizza,2023-03-17,18:13:10,Completed,787
5679,43,66,Butter Chicken,2025-06-01,16:53:27,Completed,810
5680,515,111,Margherita Pizza,2024-09-29,20:36:32,Completed,227
5681,357,108,Fish Curry,2025-05-01,21:13:19,Completed,828
5682,398,109,Margherita Pizza,2025-03-09,22:33:24,Pending,906
5683,938,124,Veg Biryani,2023-01-15,11:24:25,Completed,472
5684,157,101,Chicken Momos,2024-06-29,18:55:21,Completed,167
5685,613,129,Veg Fried Rice,2023-12-22,14:31:27,Completed,928
5686,465,50,Dal Makhani,2023-01-26,17:34:23,Pending,144
5687,102,4,Chicken Biryani,2023-06-06,22:24:40,Completed,688
5688,741,86,Chicken Momos,2024-12-23,13:41:34,Completed,618
5689,416,69,Butter Chicken,2023-03-12,17:51:34,Completed,252
5690,884,112,Butter Chicken,2025-01-03,11:16:30,Completed,278
5691,481,45,Chicken Tikka,2024-02-02,17:46:45,Completed,849
5692,824,6,Chicken Momos,2024-12-22,21:51:56,Completed,334
5693,627,170,Paneer Tikka,2025-02-03,17:17:41,Completed,529
5694,608,153,Pav Bhaji,2024-09-02,18:52:35,Completed,378
5695,400,63,Veg Momos,2023-01-23,19:38:49,Completed,300
5696,734,114,Masala Dosa,2024-04-17,16:51:31,Completed,389
5697,950,134,Hakka Noodles,2025-02-07,17:37:45,Completed,436
5698,368,6,Hakka Noodles,2024-02-29,22:13:37,Completed,258
5699,488,178,Fish Curry,2024-12-14,10:22:16,Completed,825
5700,89,136,Paneer Butter Masala,2025-03-29,15:39:02,Completed,621
5701,886,13,Pav Bhaji,2024-09-30,22:18:27,Completed,838
5702,162,199,Chole Bhature,2025-02-04,09:02:14,Completed,237
5703,91,110,Dal Makhani,2024-07-08,16:13:07,Completed,363
5704,438,123,Paneer Tikka,2023-02-01,09:18:53,Completed,877
5705,351,140,Chicken Momos,2023-11-25,13:25:19,Completed,209
5706,593,5,Masala Dosa,2025-05-06,22:23:51,Pending,729
5707,651,48,Chicken Biryani,2024-06-27,14:25:50,Completed,159
5708,376,160,Veg Fried Rice,2025-05-15,18:09:01,Pending,648
5709,786,87,Paneer Tikka,2023-07-04,22:52:05,Completed,411
5710,385,176,Paneer Butter Masala,2025-01-01,17:25:39,Cancelled,945
5711,923,56,Butter Chicken,2025-01-19,13:35:57,Completed,948
5712,816,43,Paneer Butter Masala,2025-05-14,09:29:19,Completed,604
5713,225,158,Masala Dosa,2023-04-17,14:10:30,Completed,331
5714,306,172,Chicken Biryani,2023-10-13,17:12:40,Completed,346
5715,979,26,Chicken Momos,2025-06-29,11:44:13,Completed,471
5716,798,94,Paneer Butter Masala,2023-08-08,19:10:02,Completed,542
5717,674,169,Chole Bhature,2024-07-21,19:02:35,Completed,800
5718,752,182,Burger,2025-04-29,10:53:29,Completed,760
5719,13,86,Veg Biryani,2025-03-15,13:45:28,Completed,734
5720,458,121,Chicken Biryani,2023-03-17,16:42:49,Completed,141
5721,326,88,Pav Bhaji,2024-11-25,20:50:48,Completed,733
5722,987,54,Chicken Tikka,2024-05-02,14:14:27,Completed,770
5723,961,10,Chicken Tikka,2023-10-10,13:24:08,Completed,343
5724,509,188,Hakka Noodles,2024-09-12,17:54:39,Completed,391
5725,435,66,Veg Momos,2024-11-08,17:28:58,Completed,716
5726,276,177,Butter Chicken,2023-09-15,16:12:23,Completed,935
5727,725,73,Idli Sambar,2025-01-31,19:25:05,Completed,723
5728,844,177,Margherita Pizza,2023-04-23,20:34:33,Completed,147
5729,648,46,Paneer Tikka,2025-05-28,11:50:03,Completed,300
5730,58,152,Chicken Momos,2023-07-17,13:51:13,Completed,482
5731,440,53,Masala Dosa,2023-06-23,18:36:17,Completed,752
5732,205,167,Dal Makhani,2025-01-25,11:28:41,Completed,339
5733,641,49,Caesar Salad,2023-08-24,16:04:33,Completed,511
5734,361,80,Margherita Pizza,2025-04-11,14:28:51,Completed,443
5735,117,72,Chicken Biryani,2024-09-03,12:09:21,Completed,252
5736,191,43,Paneer Tikka,2024-09-17,16:36:29,Completed,157
5737,345,145,Chicken Tikka,2023-03-28,20:27:20,Pending,252
5738,325,38,Chicken Biryani,2024-05-10,14:22:30,Completed,681
5739,351,155,Burger,2023-01-23,20:18:55,Completed,854
5740,98,1,Paneer Butter Masala,2025-06-26,20:59:04,Completed,702
5741,708,80,Burger,2024-11-25,12:01:26,Completed,894
5742,575,8,Butter Chicken,2024-04-01,21:00:23,Completed,536
5743,48,70,Chicken Momos,2025-06-01,13:24:55,Completed,580
5744,805,9,Paneer Butter Masala,2024-01-29,14:35:42,Completed,833
5745,820,181,Veg Momos,2024-03-09,09:50:36,Completed,541
5746,789,128,Idli Sambar,2024-01-09,15:23:19,Completed,266
5747,416,176,Butter Chicken,2025-02-04,15:11:54,Pending,252
5748,227,121,Fish Curry,2024-06-26,19:15:06,Cancelled,581
5749,720,21,Veg Biryani,2023-01-27,20:50:27,Completed,905
5750,939,148,Burger,2025-04-09,17:23:00,Completed,868
5751,537,7,Masala Dosa,2024-01-31,12:46:30,Completed,152
5752,868,181,Burger,2025-06-27,16:33:33,Completed,707
5753,250,97,Pav Bhaji,2024-07-10,17:54:16,Completed,302
5754,428,74,Chole Bhature,2023-09-26,10:44:44,Completed,325
5755,839,173,Farmhouse Pizza,2023-04-10,15:08:43,Completed,669
5756,412,86,Fish Curry,2023-12-16,13:39:11,Completed,201
5757,229,6,Butter Chicken,2023-03-03,17:38:20,Completed,772
5758,768,6,Chole Bhature,2024-08-05,21:06:17,Completed,621
5759,123,141,Fish Curry,2025-06-15,19:07:58,Completed,754
5760,503,115,Pav Bhaji,2023-07-26,12:03:59,Completed,441
5761,940,68,Idli Sambar,2025-02-22,22:53:22,Completed,763
5762,752,18,Chicken Tikka,2024-10-04,10:37:02,Completed,441
5763,354,183,Paneer Butter Masala,2024-08-09,21:20:33,Completed,466
5764,261,59,Idli Sambar,2024-10-12,19:32:09,Completed,519
5765,544,116,Hakka Noodles,2024-08-23,17:46:23,Completed,290
5766,594,155,Butter Chicken,2024-07-27,09:45:36,Completed,700
5767,797,194,Chicken Momos,2023-10-15,13:24:02,Completed,553
5768,749,14,Paneer Tikka,2023-07-31,17:57:50,Completed,870
5769,594,52,Hakka Noodles,2025-02-04,15:12:22,Completed,362
5770,682,67,Burger,2023-07-11,16:53:22,Completed,177
5771,44,125,Burger,2024-07-06,13:42:21,Cancelled,122
5772,752,140,Hakka Noodles,2025-06-29,10:37:15,Completed,744
5773,929,166,Fish Curry,2023-02-10,13:21:20,Completed,727
5774,866,139,Masala Dosa,2023-11-02,19:00:47,Completed,571
5775,729,18,Margherita Pizza,2024-10-21,12:07:10,Completed,432
5776,741,13,Dal Makhani,2025-01-29,22:07:29,Completed,782
5777,599,52,Farmhouse Pizza,2023-10-22,12:24:50,Completed,146
5778,728,33,Dal Makhani,2025-02-12,15:10:54,Completed,154
5779,339,115,Veg Momos,2023-05-11,16:30:08,Completed,494
5780,569,95,Veg Fried Rice,2024-12-27,14:42:26,Completed,282
5781,49,102,Pav Bhaji,2024-10-29,12:51:23,Cancelled,289
5782,991,166,Chicken Tikka,2024-02-29,19:55:53,Completed,632
5783,369,101,Paneer Butter Masala,2024-12-13,16:28:50,Completed,906
5784,34,177,Hakka Noodles,2025-02-11,09:51:29,Completed,945
5785,699,194,Paneer Tikka,2025-04-22,10:23:16,Completed,683
5786,685,167,Burger,2024-07-18,17:29:00,Completed,462
5787,315,84,Chole Bhature,2023-04-27,13:56:41,Completed,932
5788,596,184,Paneer Butter Masala,2023-02-04,11:55:34,Completed,736
5789,320,141,Butter Chicken,2025-01-05,15:15:18,Completed,478
5790,683,84,Butter Chicken,2023-08-01,16:33:28,Completed,313
5791,921,68,Chicken Tikka,2023-04-03,11:21:37,Completed,458
5792,673,151,Margherita Pizza,2023-05-09,17:41:10,Completed,250
5793,811,147,Idli Sambar,2023-04-16,16:36:31,Completed,358
5794,822,124,Veg Fried Rice,2024-09-22,15:57:55,Completed,576
5795,488,109,Margherita Pizza,2024-04-12,20:17:38,Completed,525
5796,879,100,Dal Makhani,2023-01-27,20:25:48,Pending,334
5797,546,133,Hakka Noodles,2024-11-23,16:19:18,Completed,707
5798,496,130,Veg Momos,2024-12-12,09:45:17,Completed,725
5799,261,115,Veg Momos,2023-08-19,11:53:22,Completed,911
5800,871,82,Masala Dosa,2024-03-21,22:12:44,Completed,321
5801,672,60,Farmhouse Pizza,2025-03-28,10:34:47,Completed,829
5802,48,157,Paneer Butter Masala,2024-04-13,11:24:28,Completed,664
5803,170,91,Veg Fried Rice,2023-06-28,21:52:53,Completed,795
5804,376,5,Farmhouse Pizza,2024-07-31,14:55:37,Completed,666
5805,241,73,Paneer Butter Masala,2025-03-22,22:03:10,Completed,659
5806,920,186,Idli Sambar,2025-05-06,19:40:55,Pending,218
5807,223,35,Veg Momos,2024-08-01,19:05:06,Completed,470
5808,235,140,Chicken Momos,2023-01-24,10:00:38,Completed,241
5809,124,154,Veg Biryani,2024-03-24,09:36:01,Completed,645
5810,744,95,Masala Dosa,2023-06-16,17:45:48,Completed,322
5811,986,160,Veg Biryani,2025-06-01,09:21:56,Completed,551
5812,768,180,Pav Bhaji,2023-06-28,16:42:05,Completed,948
5813,843,156,Caesar Salad,2024-05-27,12:55:48,Completed,247
5814,945,71,Hakka Noodles,2024-02-04,18:52:54,Completed,252
5815,64,42,Chole Bhature,2024-07-18,13:11:44,Completed,502
5816,829,7,Chicken Biryani,2024-01-18,17:46:00,Completed,626
5817,999,42,Chicken Momos,2025-06-30,18:06:33,Cancelled,678
5818,18,159,Chicken Tikka,2024-11-28,15:18:58,Completed,948
5819,857,39,Veg Momos,2025-01-18,20:46:36,Completed,641
5820,829,163,Chole Bhature,2023-01-18,22:43:14,Completed,920
5821,754,124,Chole Bhature,2023-03-04,22:50:50,Completed,712
5822,262,72,Margherita Pizza,2024-07-08,09:41:25,Completed,456
5823,854,172,Chicken Tikka,2024-03-11,20:16:12,Completed,298
5824,4,76,Caesar Salad,2023-07-22,10:22:41,Completed,269
5825,892,135,Chicken Momos,2023-01-31,16:21:26,Completed,307
5826,175,126,Chicken Tikka,2023-03-19,22:28:40,Completed,885
5827,713,46,Chole Bhature,2023-06-13,19:40:40,Completed,650
5828,72,187,Hakka Noodles,2023-08-08,20:30:40,Completed,428
5829,552,169,Chicken Biryani,2024-01-27,21:26:10,Completed,250
5830,14,182,Butter Chicken,2023-05-25,15:11:00,Completed,122
5831,172,178,Idli Sambar,2024-02-16,12:27:54,Completed,582
5832,970,152,Veg Momos,2024-10-25,11:27:15,Completed,241
5833,614,141,Chicken Tikka,2024-12-15,13:18:25,Completed,570
5834,919,82,Paneer Butter Masala,2025-01-23,16:53:28,Completed,687
5835,476,195,Idli Sambar,2024-02-01,12:35:10,Completed,316
5836,207,104,Chicken Biryani,2025-03-06,11:45:19,Completed,719
5837,555,130,Paneer Tikka,2025-04-06,17:39:02,Completed,342
5838,485,44,Caesar Salad,2025-02-14,09:55:52,Completed,673
5839,209,19,Veg Fried Rice,2023-05-21,14:17:55,Completed,225
5840,189,138,Margherita Pizza,2023-05-23,09:04:40,Completed,578
5841,815,53,Chicken Momos,2025-01-07,19:50:18,Completed,681
5842,15,90,Dal Makhani,2023-06-04,10:13:06,Pending,524
5843,453,173,Paneer Butter Masala,2024-05-05,11:20:06,Completed,703
5844,996,19,Farmhouse Pizza,2025-03-25,22:32:48,Completed,482
5845,347,155,Pav Bhaji,2023-05-11,15:31:19,Completed,326
5846,800,102,Dal Makhani,2025-04-08,19:07:43,Completed,671
5847,373,157,Margherita Pizza,2025-03-16,10:55:00,Completed,702
5848,309,113,Butter Chicken,2025-03-08,12:19:36,Cancelled,712
5849,96,130,Farmhouse Pizza,2023-08-26,14:52:10,Completed,632
5850,499,69,Hakka Noodles,2025-01-10,14:04:34,Completed,531
5851,286,109,Margherita Pizza,2023-08-19,18:40:37,Completed,500
5852,327,16,Paneer Butter Masala,2023-04-30,16:35:26,Completed,154
5853,688,9,Veg Momos,2025-01-10,12:08:39,Completed,218
5854,896,63,Masala Dosa,2025-04-03,16:40:03,Completed,551
5855,215,157,Veg Momos,2023-02-05,14:26:41,Completed,506
5856,71,67,Fish Curry,2024-12-26,17:21:40,Completed,828
5857,442,164,Chole Bhature,2023-11-12,11:07:54,Cancelled,861
5858,608,39,Hakka Noodles,2023-08-20,22:23:18,Completed,375
5859,122,189,Caesar Salad,2024-07-15,17:51:13,Completed,659
5860,598,3,Chicken Biryani,2023-06-30,18:34:53,Completed,149
5861,947,184,Caesar Salad,2023-01-08,20:50:24,Completed,618
5862,603,109,Chicken Tikka,2023-10-17,18:48:05,Completed,551
5863,784,58,Burger,2025-03-30,18:18:41,Completed,312
5864,902,168,Chicken Biryani,2025-01-11,16:49:37,Completed,580
5865,53,108,Chole Bhature,2024-04-11,10:30:51,Completed,658
5866,145,92,Paneer Tikka,2025-02-22,11:37:26,Completed,643
5867,420,191,Chicken Momos,2024-01-03,18:19:50,Completed,528
5868,738,200,Chicken Tikka,2023-03-29,21:33:10,Completed,470
5869,54,55,Chicken Momos,2023-01-12,20:38:53,Completed,337
5870,797,76,Burger,2024-07-24,11:18:59,Completed,577
5871,885,41,Veg Fried Rice,2024-04-07,19:10:19,Cancelled,859
5872,135,110,Chole Bhature,2025-05-15,13:34:39,Completed,830
5873,280,117,Veg Biryani,2023-05-20,15:59:43,Completed,742
5874,66,170,Chicken Tikka,2023-02-17,20:28:07,Completed,697
5875,237,168,Chicken Tikka,2023-05-04,12:13:36,Completed,147
5876,707,159,Idli Sambar,2024-02-17,14:47:12,Completed,734
5877,702,159,Chicken Momos,2024-10-02,22:57:02,Completed,187
5878,343,100,Masala Dosa,2023-10-13,12:33:34,Completed,503
5879,845,71,Fish Curry,2023-02-23,16:29:14,Completed,510
5880,131,27,Chicken Biryani,2024-06-15,19:31:50,Completed,875
5881,33,119,Paneer Tikka,2024-08-18,18:16:05,Completed,772
5882,762,2,Chicken Tikka,2024-08-24,09:33:06,Completed,886
5883,21,145,Paneer Tikka,2024-11-13,10:15:26,Completed,631
5884,806,180,Masala Dosa,2025-03-14,16:34:31,Completed,814
5885,262,97,Chicken Tikka,2025-06-15,17:19:45,Completed,437
5886,277,66,Margherita Pizza,2025-03-04,21:44:23,Completed,588
5887,952,180,Farmhouse Pizza,2024-12-16,20:16:32,Completed,675
5888,24,124,Butter Chicken,2024-10-05,16:43:01,Completed,192
5889,884,132,Idli Sambar,2025-01-14,22:57:53,Completed,169
5890,560,44,Masala Dosa,2024-06-16,20:16:32,Completed,496
5891,400,178,Chole Bhature,2024-06-08,16:19:40,Completed,360
5892,171,184,Veg Momos,2025-01-19,17:27:13,Completed,414
5893,399,20,Paneer Butter Masala,2023-10-04,14:05:31,Completed,698
5894,973,172,Chicken Biryani,2024-10-15,18:32:45,Completed,255
5895,171,8,Veg Momos,2025-05-16,17:05:31,Pending,591
5896,947,187,Chicken Biryani,2023-12-22,10:27:23,Cancelled,914
5897,644,36,Chole Bhature,2024-02-04,21:06:03,Completed,746
5898,262,101,Veg Fried Rice,2023-01-13,09:41:47,Completed,693
5899,66,122,Chicken Biryani,2024-01-29,13:20:30,Completed,674
5900,43,9,Burger,2025-06-06,14:55:34,Completed,841
5901,431,5,Paneer Butter Masala,2023-07-22,22:28:00,Pending,863
5902,178,130,Butter Chicken,2024-11-05,16:45:47,Completed,249
5903,951,131,Farmhouse Pizza,2023-01-04,18:51:30,Completed,456
5904,357,85,Dal Makhani,2024-11-24,12:13:08,Completed,729
5905,225,90,Farmhouse Pizza,2024-11-19,09:14:16,Completed,939
5906,897,139,Veg Biryani,2025-06-12,14:16:03,Completed,163
5907,555,9,Chole Bhature,2023-07-17,19:23:34,Cancelled,242
5908,358,196,Pav Bhaji,2025-02-05,21:57:43,Completed,667
5909,795,105,Margherita Pizza,2024-06-14,21:13:47,Completed,906
5910,431,56,Caesar Salad,2024-08-05,18:10:11,Pending,698
5911,607,85,Caesar Salad,2024-07-01,17:25:36,Pending,751
5912,534,7,Dal Makhani,2024-08-22,18:43:21,Completed,125
5913,128,1,Paneer Tikka,2024-06-02,20:34:59,Completed,366
5914,97,78,Margherita Pizza,2025-06-04,11:23:35,Completed,171
5915,109,178,Hakka Noodles,2023-04-15,12:43:48,Completed,233
5916,414,123,Farmhouse Pizza,2023-12-29,10:40:03,Completed,504
5917,558,24,Chicken Momos,2023-08-09,21:22:32,Completed,897
5918,469,32,Pav Bhaji,2024-10-11,13:07:58,Completed,464
5919,131,4,Chole Bhature,2023-09-05,16:18:28,Pending,410
5920,300,192,Hakka Noodles,2023-04-05,09:58:14,Pending,910
5921,915,29,Veg Momos,2023-11-23,21:33:14,Completed,265
5922,429,156,Margherita Pizza,2024-03-23,10:20:38,Completed,508
5923,789,13,Fish Curry,2023-08-27,11:37:25,Completed,323
5924,394,130,Margherita Pizza,2023-05-21,22:54:53,Completed,720
5925,645,150,Chicken Momos,2023-12-08,18:02:54,Completed,293
5926,897,152,Margherita Pizza,2025-04-17,13:39:11,Completed,669
5927,965,29,Pav Bhaji,2023-09-21,17:20:56,Completed,230
5928,378,46,Veg Fried Rice,2023-03-12,13:28:44,Completed,714
5929,421,20,Farmhouse Pizza,2024-07-23,13:27:10,Completed,548
5930,524,24,Masala Dosa,2025-06-16,13:34:34,Completed,785
5931,950,153,Chicken Tikka,2024-06-14,11:48:44,Completed,321
5932,396,200,Veg Momos,2025-06-14,18:11:30,Completed,925
5933,405,96,Hakka Noodles,2023-06-27,21:31:22,Completed,428
5934,843,93,Caesar Salad,2024-04-27,11:58:33,Completed,156
5935,667,178,Veg Fried Rice,2023-06-15,14:46:10,Completed,453
5936,544,66,Hakka Noodles,2023-04-04,12:48:22,Pending,143
5937,747,110,Burger,2025-05-20,21:39:02,Completed,536
5938,508,17,Paneer Butter Masala,2024-09-28,20:39:35,Completed,321
5939,395,119,Butter Chicken,2025-06-27,12:09:18,Completed,485
5940,583,159,Pav Bhaji,2024-08-29,09:32:36,Completed,572
5941,720,129,Butter Chicken,2024-11-25,18:20:31,Completed,619
5942,749,20,Chicken Biryani,2024-04-26,13:11:37,Completed,493
5943,656,167,Chicken Tikka,2023-06-05,16:20:11,Completed,211
5944,131,175,Butter Chicken,2023-01-09,22:26:19,Pending,818
5945,336,122,Dal Makhani,2024-09-15,15:58:56,Completed,167
5946,902,104,Paneer Butter Masala,2025-05-16,11:19:18,Completed,726
5947,959,44,Chicken Biryani,2023-12-01,11:36:51,Completed,637
5948,299,83,Chicken Biryani,2023-07-30,22:36:58,Completed,141
5949,27,102,Chicken Biryani,2024-10-27,09:50:59,Completed,880
5950,872,56,Hakka Noodles,2024-01-12,13:09:28,Completed,723
5951,46,57,Burger,2024-03-18,17:51:26,Completed,776
5952,346,162,Caesar Salad,2024-01-07,18:57:37,Completed,270
5953,105,20,Idli Sambar,2023-04-13,12:35:20,Completed,816
5954,211,30,Pav Bhaji,2024-06-16,15:44:05,Completed,407
5955,110,74,Pav Bhaji,2024-09-29,16:19:07,Pending,349
5956,813,131,Margherita Pizza,2025-01-14,18:56:52,Completed,213
5957,8,86,Pav Bhaji,2023-02-01,21:10:34,Cancelled,371
5958,735,71,Burger,2024-07-22,22:09:15,Completed,917
5959,148,35,Chicken Tikka,2024-01-09,17:49:02,Completed,400
5960,718,13,Burger,2023-05-24,20:44:31,Completed,548
5961,451,149,Paneer Tikka,2023-12-13,14:06:13,Completed,896
5962,587,137,Hakka Noodles,2025-04-18,14:15:13,Completed,261
5963,933,28,Butter Chicken,2024-11-24,09:42:05,Completed,412
5964,792,30,Idli Sambar,2025-01-04,17:37:57,Completed,484
5965,757,197,Paneer Butter Masala,2024-06-19,19:00:54,Completed,605
5966,83,49,Chicken Momos,2024-02-03,15:01:20,Completed,614
5967,668,109,Burger,2024-07-05,19:04:16,Completed,377
5968,542,79,Chicken Biryani,2023-04-24,09:39:42,Pending,796
5969,878,199,Chicken Biryani,2024-01-08,21:39:48,Completed,340
5970,437,37,Paneer Butter Masala,2023-08-05,16:44:26,Completed,599
5971,973,100,Chicken Momos,2024-04-07,14:11:38,Completed,596
5972,652,65,Chicken Tikka,2023-12-13,09:59:48,Completed,606
5973,771,117,Butter Chicken,2023-01-03,13:05:37,Completed,497
5974,704,124,Chicken Tikka,2023-09-26,11:28:18,Completed,576
5975,846,103,Veg Biryani,2023-10-19,10:53:13,Completed,789
5976,16,120,Chicken Biryani,2024-11-14,09:07:36,Pending,925
5977,743,180,Hakka Noodles,2024-03-14,15:07:57,Completed,856
5978,583,170,Paneer Tikka,2024-03-02,21:58:35,Completed,215
5979,888,19,Veg Momos,2023-07-04,20:12:27,Completed,484
5980,810,39,Veg Momos,2023-12-01,16:53:00,Completed,667
5981,455,65,Chicken Momos,2023-04-17,13:54:43,Completed,475
5982,648,96,Dal Makhani,2025-04-18,11:22:26,Completed,838
5983,329,78,Chicken Biryani,2023-02-02,16:09:23,Completed,410
5984,327,164,Pav Bhaji,2023-08-30,11:03:35,Completed,474
5985,982,9,Pav Bhaji,2023-01-04,11:29:51,Completed,946
5986,539,123,Dal Makhani,2023-07-23,19:49:29,Cancelled,167
5987,502,74,Veg Momos,2025-04-26,17:52:09,Completed,890
5988,656,168,Idli Sambar,2024-12-07,12:24:47,Cancelled,934
5989,430,186,Burger,2024-05-07,22:37:32,Completed,652
5990,462,24,Margherita Pizza,2024-12-28,18:07:04,Completed,755
5991,636,10,Pav Bhaji,2025-04-30,13:37:40,Completed,865
5992,372,198,Masala Dosa,2024-10-30,22:58:35,Completed,884
5993,599,23,Idli Sambar,2023-10-17,13:54:53,Completed,765
5994,149,6,Idli Sambar,2025-02-26,19:22:37,Completed,758
5995,359,16,Chicken Momos,2023-02-18,16:05:06,Completed,205
5996,80,91,Chole Bhature,2024-05-06,22:29:41,Completed,395
5997,711,56,Pav Bhaji,2024-03-27,21:59:33,Pending,900
5998,229,12,Chicken Biryani,2023-06-29,21:25:32,Completed,189
5999,477,155,Veg Fried Rice,2023-01-12,15:15:39,Completed,932
6000,320,187,Veg Biryani,2023-12-30,10:05:08,Completed,351
6001,882,13,Chole Bhature,2024-08-27,12:01:51,Cancelled,498
6002,9,8,Dal Makhani,2023-08-12,18:56:57,Completed,475
6003,724,51,Dal Makhani,2023-11-22,16:16:33,Pending,695
6004,12,177,Farmhouse Pizza,2025-06-24,16:13:22,Completed,230
6005,835,191,Dal Makhani,2025-02-12,20:34:23,Completed,287
6006,833,134,Pav Bhaji,2024-02-10,19:35:14,Completed,328
6007,717,185,Burger,2025-05-02,17:34:47,Completed,722
6008,257,121,Dal Makhani,2025-05-02,11:16:59,Completed,615
6009,448,1,Veg Biryani,2025-02-14,19:55:37,Completed,259
6010,43,31,Fish Curry,2023-04-27,13:44:01,Completed,730
6011,353,185,Margherita Pizza,2023-10-31,12:24:02,Completed,213
6012,827,77,Paneer Tikka,2023-01-25,17:09:09,Completed,782
6013,778,87,Chicken Biryani,2023-07-07,09:11:31,Completed,936
6014,959,52,Veg Momos,2024-04-25,12:17:49,Completed,647
6015,837,104,Burger,2024-04-28,17:59:26,Completed,674
6016,319,55,Hakka Noodles,2024-02-22,14:54:26,Completed,663
6017,434,118,Margherita Pizza,2025-06-25,20:08:04,Completed,948
6018,573,81,Veg Momos,2025-03-04,12:44:40,Completed,818
6019,828,118,Caesar Salad,2024-02-13,11:23:52,Completed,340
6020,457,179,Farmhouse Pizza,2024-05-23,12:50:02,Pending,923
6021,206,172,Paneer Butter Masala,2023-04-18,13:30:05,Completed,502
6022,240,86,Fish Curry,2023-06-22,09:32:12,Cancelled,323
6023,302,118,Dal Makhani,2024-06-06,11:11:53,Completed,456
6024,3,176,Hakka Noodles,2024-05-03,22:56:51,Completed,240
6025,196,116,Veg Fried Rice,2025-05-10,17:59:16,Completed,245
6026,347,183,Veg Biryani,2024-12-28,14:22:32,Completed,135
6027,165,161,Paneer Butter Masala,2023-05-07,12:22:06,Completed,298
6028,739,105,Idli Sambar,2024-03-08,22:35:17,Completed,286
6029,796,124,Chole Bhature,2023-03-16,21:16:54,Completed,498
6030,693,70,Masala Dosa,2024-03-26,09:18:34,Completed,915
6031,688,57,Chicken Biryani,2025-03-08,21:17:38,Completed,583
6032,25,189,Paneer Butter Masala,2024-01-23,14:59:00,Completed,855
6033,255,150,Idli Sambar,2024-04-20,10:06:48,Completed,769
6034,201,88,Veg Biryani,2025-04-30,15:13:45,Completed,389
6035,1,194,Hakka Noodles,2025-06-11,14:14:14,Completed,123
6036,749,158,Farmhouse Pizza,2023-09-18,10:33:43,Completed,336
6037,514,90,Hakka Noodles,2023-12-11,18:45:52,Completed,382
6038,494,38,Margherita Pizza,2023-11-12,12:09:21,Completed,320
6039,280,29,Pav Bhaji,2024-05-09,21:59:06,Completed,539
6040,239,130,Paneer Tikka,2023-04-22,12:59:00,Completed,322
6041,827,14,Fish Curry,2024-04-28,21:43:22,Completed,203
6042,907,22,Veg Momos,2023-06-12,18:31:19,Completed,479
6043,649,128,Veg Momos,2024-10-11,19:46:42,Cancelled,494
6044,186,122,Veg Fried Rice,2025-06-04,11:58:20,Pending,813
6045,745,48,Paneer Tikka,2024-09-22,10:54:21,Completed,458
6046,842,180,Chole Bhature,2024-07-31,14:11:25,Completed,712
6047,694,28,Chicken Momos,2023-12-24,22:39:41,Completed,148
6048,196,107,Veg Fried Rice,2023-08-28,13:24:55,Completed,527
6049,106,105,Hakka Noodles,2025-06-10,11:28:21,Cancelled,584
6050,655,91,Veg Biryani,2024-08-14,22:42:25,Completed,594
6051,240,77,Veg Momos,2025-02-20,10:17:30,Completed,537
6052,551,168,Chicken Tikka,2025-02-23,11:31:42,Completed,490
6053,352,131,Masala Dosa,2025-06-16,21:47:50,Completed,595
6054,858,79,Pav Bhaji,2025-01-23,22:31:06,Completed,157
6055,878,146,Veg Fried Rice,2024-01-01,10:24:58,Completed,468
6056,94,29,Fish Curry,2024-06-06,19:25:03,Completed,232
6057,866,70,Masala Dosa,2023-03-23,20:24:22,Pending,940
6058,261,44,Margherita Pizza,2023-01-17,13:59:25,Completed,138
6059,109,182,Hakka Noodles,2025-04-15,18:24:29,Cancelled,825
6060,632,143,Veg Momos,2023-09-18,09:29:34,Completed,668
6061,778,143,Butter Chicken,2024-09-27,14:25:58,Completed,849
6062,528,156,Chicken Tikka,2023-08-09,11:55:57,Completed,380
6063,923,106,Masala Dosa,2024-06-22,22:55:09,Cancelled,919
6064,917,94,Chole Bhature,2025-01-23,20:29:56,Completed,511
6065,222,169,Dal Makhani,2024-08-13,10:45:25,Completed,802
6066,910,88,Margherita Pizza,2024-03-17,09:38:02,Completed,927
6067,846,31,Idli Sambar,2023-10-27,21:23:47,Completed,904
6068,426,188,Idli Sambar,2024-12-18,22:18:51,Completed,689
6069,848,135,Idli Sambar,2023-11-21,09:52:57,Completed,511
6070,606,156,Chicken Tikka,2024-12-04,11:54:32,Pending,122
6071,436,103,Chicken Biryani,2025-05-04,18:10:18,Completed,924
6072,191,16,Chicken Biryani,2023-11-24,16:27:25,Completed,366
6073,564,181,Paneer Butter Masala,2023-10-04,12:20:31,Completed,678
6074,363,199,Farmhouse Pizza,2024-03-17,14:13:27,Completed,125
6075,266,134,Caesar Salad,2024-04-09,13:26:59,Completed,539
6076,876,138,Burger,2025-03-29,14:17:09,Completed,820
6077,514,27,Chole Bhature,2024-08-23,15:36:46,Completed,572
6078,398,78,Dal Makhani,2023-09-01,11:45:58,Pending,670
6079,75,196,Chicken Momos,2024-11-12,11:38:16,Completed,516
6080,318,136,Margherita Pizza,2024-01-17,16:25:46,Completed,343
6081,897,39,Farmhouse Pizza,2025-02-01,22:53:13,Completed,247
6082,751,22,Dal Makhani,2023-04-17,11:24:19,Completed,457
6083,761,199,Paneer Tikka,2024-02-19,22:21:37,Completed,413
6084,14,118,Veg Fried Rice,2024-05-23,16:42:28,Cancelled,672
6085,130,47,Burger,2023-04-26,12:18:23,Completed,313
6086,151,16,Caesar Salad,2023-10-04,12:34:34,Completed,858
6087,58,179,Veg Fried Rice,2024-08-11,19:28:11,Cancelled,278
6088,160,167,Veg Biryani,2023-02-07,16:57:18,Completed,772
6089,451,163,Masala Dosa,2023-01-05,15:33:12,Pending,282
6090,93,80,Veg Fried Rice,2024-09-02,09:38:20,Completed,940
6091,416,49,Masala Dosa,2024-09-30,20:49:53,Completed,187
6092,911,7,Idli Sambar,2025-03-28,10:26:37,Completed,868
6093,863,28,Hakka Noodles,2025-03-21,15:33:16,Cancelled,794
6094,725,148,Chicken Momos,2024-10-06,10:01:15,Completed,693
6095,92,143,Veg Fried Rice,2024-11-23,09:21:09,Completed,677
6096,67,166,Caesar Salad,2023-12-25,14:37:25,Completed,569
6097,440,2,Paneer Butter Masala,2023-11-07,11:37:34,Pending,289
6098,848,116,Fish Curry,2024-10-01,17:38:29,Completed,823
6099,345,53,Dal Makhani,2023-08-29,18:57:56,Completed,213
6100,915,25,Paneer Butter Masala,2024-11-28,16:31:02,Cancelled,892
6101,245,87,Chicken Momos,2023-10-05,15:01:17,Completed,797
6102,400,103,Idli Sambar,2023-05-21,19:42:07,Completed,861
6103,883,140,Veg Fried Rice,2023-08-08,13:33:25,Completed,934
6104,959,58,Margherita Pizza,2023-02-25,16:46:59,Completed,948
6105,697,46,Dal Makhani,2025-02-17,14:40:17,Completed,361
6106,858,132,Pav Bhaji,2023-01-19,20:28:54,Completed,514
6107,399,23,Idli Sambar,2023-10-16,15:22:20,Completed,280
6108,747,155,Farmhouse Pizza,2024-08-30,14:18:39,Completed,288
6109,791,136,Veg Biryani,2023-01-29,16:35:18,Completed,808
6110,266,122,Veg Fried Rice,2023-10-18,11:10:36,Completed,832
6111,851,113,Dal Makhani,2024-11-17,21:06:13,Completed,773
6112,282,200,Burger,2025-03-07,14:47:55,Completed,454
6113,993,75,Chole Bhature,2025-04-27,15:49:49,Cancelled,333
6114,162,33,Chole Bhature,2024-10-19,12:01:56,Completed,363
6115,761,24,Chicken Tikka,2024-08-01,22:04:10,Completed,679
6116,289,124,Chicken Momos,2025-04-13,18:59:32,Cancelled,848
6117,493,63,Chicken Momos,2023-01-12,22:34:29,Completed,642
6118,663,163,Fish Curry,2024-01-05,21:36:36,Completed,696
6119,842,20,Veg Fried Rice,2023-11-23,17:49:52,Completed,437
6120,445,14,Paneer Tikka,2024-03-17,15:28:20,Completed,412
6121,374,193,Burger,2024-08-10,09:21:26,Completed,509
6122,957,139,Margherita Pizza,2024-12-22,14:05:28,Completed,430
6123,505,30,Margherita Pizza,2023-02-18,16:05:16,Completed,314
6124,852,88,Caesar Salad,2023-04-06,16:41:04,Completed,331
6125,920,67,Veg Fried Rice,2025-04-18,09:33:41,Completed,836
6126,188,140,Chicken Tikka,2024-02-18,12:45:39,Completed,838
6127,88,110,Paneer Tikka,2025-05-13,22:46:05,Completed,386
6128,63,145,Veg Fried Rice,2023-08-21,09:51:59,Completed,215
6129,763,64,Pav Bhaji,2024-03-02,19:54:16,Pending,483
6130,622,22,Veg Momos,2025-04-16,12:06:05,Completed,229
6131,897,174,Masala Dosa,2023-01-16,16:31:03,Completed,818
6132,708,144,Caesar Salad,2023-08-26,17:53:19,Completed,680
6133,974,1,Chicken Momos,2024-02-03,12:48:56,Completed,795
6134,712,184,Chicken Momos,2025-06-22,22:01:14,Completed,145
6135,1,185,Burger,2024-01-23,19:19:16,Completed,577
6136,300,65,Chicken Tikka,2023-01-24,20:04:19,Completed,709
6137,842,86,Fish Curry,2023-11-21,11:43:20,Completed,520
6138,71,133,Veg Momos,2024-07-07,16:13:31,Pending,349
6139,19,18,Chicken Momos,2024-07-06,13:39:28,Completed,876
6140,935,183,Hakka Noodles,2024-02-03,20:01:51,Completed,905
6141,941,57,Masala Dosa,2023-08-14,11:43:33,Completed,334
6142,199,59,Chicken Tikka,2023-05-01,10:02:52,Pending,230
6143,301,128,Veg Biryani,2024-02-17,18:50:11,Completed,676
6144,896,166,Dal Makhani,2024-10-26,10:31:46,Completed,388
6145,249,200,Pav Bhaji,2025-03-27,22:35:17,Completed,500
6146,35,62,Fish Curry,2024-12-21,17:50:43,Completed,619
6147,512,94,Idli Sambar,2024-08-08,19:10:35,Completed,148
6148,266,30,Paneer Tikka,2024-08-07,20:50:26,Completed,879
6149,693,191,Chicken Biryani,2024-04-14,16:58:38,Completed,502
6150,576,195,Chole Bhature,2023-12-03,15:37:32,Completed,430
6151,365,53,Fish Curry,2023-09-23,11:15:04,Cancelled,683
6152,338,17,Dal Makhani,2025-01-06,21:42:41,Completed,811
6153,678,145,Paneer Butter Masala,2023-03-05,14:07:42,Completed,738
6154,721,145,Paneer Butter Masala,2024-02-12,14:14:41,Completed,655
6155,341,72,Paneer Butter Masala,2024-09-08,17:25:18,Completed,809
6156,448,90,Paneer Butter Masala,2023-07-09,09:35:19,Completed,278
6157,224,153,Masala Dosa,2023-04-12,12:51:11,Completed,788
6158,108,132,Idli Sambar,2024-07-05,19:06:39,Completed,379
6159,457,28,Paneer Butter Masala,2023-01-05,18:03:30,Completed,640
6160,554,36,Burger,2024-09-22,10:53:17,Completed,417
6161,255,102,Veg Momos,2025-01-01,12:50:21,Completed,155
6162,516,40,Veg Biryani,2023-02-23,18:11:59,Completed,731
6163,150,103,Veg Momos,2023-06-15,18:53:28,Completed,137
6164,817,150,Fish Curry,2025-04-14,21:48:51,Completed,751
6165,656,184,Masala Dosa,2023-03-16,22:53:24,Cancelled,204
6166,222,63,Chicken Tikka,2024-02-07,09:57:38,Completed,911
6167,795,25,Hakka Noodles,2025-06-10,09:39:00,Completed,356
6168,812,148,Paneer Butter Masala,2025-01-05,16:41:10,Completed,685
6169,996,79,Pav Bhaji,2025-06-27,20:45:30,Completed,460
6170,807,28,Pav Bhaji,2025-04-22,20:38:35,Completed,861
6171,743,61,Chicken Biryani,2025-06-25,14:27:26,Completed,451
6172,641,99,Fish Curry,2023-09-20,13:53:42,Completed,935
6173,541,60,Veg Fried Rice,2025-04-04,14:59:55,Completed,248
6174,309,93,Chole Bhature,2023-12-25,20:49:58,Completed,408
6175,329,56,Veg Biryani,2025-01-05,17:04:30,Pending,300
6176,601,61,Idli Sambar,2023-05-21,15:45:06,Completed,911
6177,640,92,Veg Fried Rice,2023-05-28,21:11:21,Completed,449
6178,654,128,Margherita Pizza,2023-04-28,13:30:09,Completed,743
6179,635,23,Farmhouse Pizza,2024-01-02,13:33:32,Completed,877
6180,218,164,Caesar Salad,2024-02-10,17:19:42,Completed,480
6181,448,160,Veg Biryani,2023-09-18,12:43:30,Completed,761
6182,193,33,Fish Curry,2023-12-13,11:42:16,Completed,582
6183,600,35,Pav Bhaji,2023-01-04,17:43:16,Completed,815
6184,608,31,Burger,2024-03-18,15:16:17,Cancelled,649
6185,838,31,Hakka Noodles,2024-02-22,10:37:21,Completed,188
6186,596,120,Chicken Momos,2025-01-22,13:42:08,Completed,868
6187,9,141,Veg Fried Rice,2023-05-11,21:35:12,Cancelled,166
6188,719,56,Farmhouse Pizza,2024-11-06,20:28:09,Completed,185
6189,160,5,Veg Biryani,2024-02-03,22:33:14,Completed,785
6190,227,166,Paneer Butter Masala,2024-06-04,17:00:40,Completed,503
6191,69,64,Butter Chicken,2024-02-13,16:56:21,Completed,473
6192,106,138,Veg Biryani,2023-10-12,20:14:53,Completed,387
6193,166,142,Idli Sambar,2025-03-15,13:02:45,Completed,401
6194,881,61,Burger,2024-08-02,17:53:58,Completed,231
6195,941,83,Chicken Biryani,2023-12-29,15:27:20,Completed,195
6196,677,17,Caesar Salad,2024-10-26,19:55:03,Completed,212
6197,151,114,Pav Bhaji,2023-06-11,14:32:26,Completed,226
6198,981,195,Caesar Salad,2024-02-12,12:49:04,Completed,190
6199,135,133,Chicken Tikka,2025-03-06,11:52:05,Completed,616
6200,8,33,Dal Makhani,2024-01-26,13:11:27,Completed,546
6201,21,80,Paneer Tikka,2023-12-05,20:28:12,Completed,365
6202,639,195,Paneer Tikka,2025-02-18,13:34:27,Completed,190
6203,863,132,Margherita Pizza,2025-05-18,20:43:16,Completed,742
6204,367,48,Veg Fried Rice,2024-09-12,10:27:24,Completed,912
6205,807,10,Hakka Noodles,2025-06-06,18:06:54,Completed,498
6206,700,95,Farmhouse Pizza,2023-01-31,11:24:23,Completed,871
6207,337,190,Idli Sambar,2023-07-15,20:48:57,Completed,148
6208,884,70,Masala Dosa,2024-08-06,14:15:02,Completed,131
6209,301,130,Chicken Biryani,2023-11-28,13:19:46,Completed,762
6210,838,121,Idli Sambar,2025-02-02,13:48:22,Completed,379
6211,179,174,Paneer Tikka,2023-03-22,16:57:54,Completed,193
6212,846,4,Pav Bhaji,2023-02-19,20:04:51,Pending,170
6213,144,76,Idli Sambar,2025-01-03,09:05:37,Completed,459
6214,623,94,Fish Curry,2025-04-10,09:57:29,Completed,804
6215,807,84,Chicken Biryani,2023-06-20,12:25:07,Completed,164
6216,595,104,Veg Momos,2024-05-11,14:21:43,Completed,368
6217,89,127,Chole Bhature,2024-11-04,14:03:08,Completed,756
6218,993,21,Pav Bhaji,2023-03-22,20:08:01,Completed,410
6219,357,66,Chicken Biryani,2024-06-29,19:30:32,Completed,661
6220,25,122,Veg Fried Rice,2024-08-10,18:39:35,Completed,659
6221,539,139,Pav Bhaji,2025-03-03,09:29:25,Completed,433
6222,696,2,Margherita Pizza,2024-08-13,10:55:14,Completed,574
6223,869,111,Veg Momos,2024-12-23,13:58:12,Completed,814
6224,317,24,Masala Dosa,2023-02-09,14:50:49,Completed,709
6225,20,39,Butter Chicken,2023-06-23,15:44:37,Completed,810
6226,138,154,Chicken Momos,2025-05-05,17:56:25,Completed,700
6227,202,138,Veg Biryani,2024-07-10,20:20:57,Completed,183
6228,691,165,Hakka Noodles,2023-08-20,09:53:21,Completed,697
6229,417,151,Farmhouse Pizza,2024-02-21,13:34:04,Completed,424
6230,141,101,Paneer Tikka,2023-07-10,20:46:39,Completed,873
6231,214,92,Chicken Tikka,2023-08-24,09:42:59,Cancelled,703
6232,738,149,Paneer Tikka,2024-09-21,09:16:11,Pending,395
6233,423,200,Chicken Biryani,2024-10-24,09:39:55,Completed,718
6234,686,69,Dal Makhani,2024-09-17,19:51:42,Completed,617
6235,871,198,Veg Fried Rice,2024-02-19,17:44:12,Completed,656
6236,179,162,Chicken Momos,2024-01-06,14:18:26,Completed,921
6237,294,72,Veg Biryani,2024-06-05,10:42:11,Completed,499
6238,178,12,Pav Bhaji,2023-10-10,18:13:42,Cancelled,639
6239,183,119,Margherita Pizza,2023-10-02,22:09:01,Completed,566
6240,49,115,Chicken Biryani,2025-02-21,15:41:39,Completed,427
6241,975,61,Caesar Salad,2024-07-19,13:37:36,Completed,516
6242,147,124,Hakka Noodles,2024-08-03,18:40:38,Completed,916
6243,254,36,Masala Dosa,2023-02-13,12:04:55,Pending,658
6244,361,145,Masala Dosa,2024-04-22,10:32:07,Completed,353
6245,658,145,Chicken Tikka,2023-01-17,09:19:21,Completed,534
6246,349,122,Burger,2023-04-19,11:21:24,Completed,447
6247,737,118,Chicken Tikka,2024-03-11,16:35:41,Completed,239
6248,110,120,Fish Curry,2024-06-13,21:04:21,Completed,499
6249,185,56,Paneer Tikka,2023-03-28,15:46:06,Pending,863
6250,703,107,Fish Curry,2024-05-18,17:35:53,Completed,227
6251,618,11,Butter Chicken,2025-03-11,20:59:01,Pending,894
6252,594,3,Dal Makhani,2024-02-13,13:36:40,Completed,822
6253,812,185,Masala Dosa,2025-06-19,18:54:38,Completed,222
6254,715,42,Fish Curry,2023-04-25,21:42:56,Completed,947
6255,701,70,Veg Momos,2023-12-03,15:43:20,Completed,378
6256,759,199,Chicken Momos,2023-07-21,15:22:05,Completed,144
6257,89,162,Farmhouse Pizza,2023-12-11,13:21:21,Completed,542
6258,95,156,Chicken Momos,2023-08-26,11:51:46,Completed,801
6259,327,199,Caesar Salad,2023-01-11,13:52:32,Completed,425
6260,654,15,Chicken Momos,2023-02-03,13:14:07,Completed,352
6261,549,147,Fish Curry,2023-07-06,12:10:09,Pending,205
6262,622,169,Veg Fried Rice,2023-03-10,20:10:37,Completed,704
6263,592,1,Chicken Momos,2023-04-26,12:47:32,Completed,499
6264,395,97,Farmhouse Pizza,2024-09-01,19:32:22,Completed,372
6265,876,195,Pav Bhaji,2025-05-26,17:54:27,Completed,656
6266,325,105,Margherita Pizza,2024-01-14,15:31:54,Completed,350
6267,18,157,Chicken Tikka,2024-07-07,21:11:47,Completed,184
6268,539,69,Fish Curry,2023-02-04,13:48:02,Completed,423
6269,203,95,Chicken Momos,2025-03-06,19:31:25,Completed,739
6270,878,27,Dal Makhani,2023-09-15,18:18:43,Completed,550
6271,338,85,Masala Dosa,2025-01-18,21:48:46,Pending,711
6272,189,29,Dal Makhani,2025-02-14,22:03:36,Completed,210
6273,438,108,Caesar Salad,2024-04-21,10:07:35,Completed,338
6274,566,166,Hakka Noodles,2025-02-07,10:49:50,Cancelled,825
6275,792,55,Masala Dosa,2025-05-03,09:57:11,Completed,915
6276,341,65,Veg Momos,2024-02-01,11:46:32,Completed,863
6277,552,176,Veg Momos,2023-03-27,19:51:23,Completed,222
6278,591,84,Veg Biryani,2024-03-02,16:32:34,Completed,507
6279,94,45,Veg Fried Rice,2023-03-09,22:25:31,Cancelled,686
6280,626,146,Butter Chicken,2025-01-18,09:00:38,Completed,470
6281,197,140,Veg Momos,2024-10-13,14:22:03,Completed,256
6282,159,185,Chicken Momos,2025-05-08,12:07:53,Completed,412
6283,29,168,Butter Chicken,2023-06-09,22:33:22,Completed,517
6284,651,162,Farmhouse Pizza,2023-11-28,09:21:17,Completed,739
6285,418,191,Farmhouse Pizza,2023-12-02,17:52:11,Completed,690
6286,555,124,Caesar Salad,2023-09-04,21:44:39,Completed,423
6287,437,119,Burger,2024-05-08,16:23:19,Completed,798
6288,826,152,Chicken Biryani,2024-12-01,13:02:01,Completed,797
6289,312,156,Idli Sambar,2025-03-09,21:49:25,Completed,589
6290,352,106,Farmhouse Pizza,2024-09-03,09:54:50,Completed,365
6291,938,70,Veg Momos,2023-06-18,20:50:40,Completed,757
6292,900,28,Chicken Tikka,2024-09-28,21:59:58,Completed,945
6293,655,105,Burger,2023-10-30,20:05:18,Cancelled,765
6294,376,50,Burger,2024-12-24,10:49:57,Cancelled,494
6295,73,62,Masala Dosa,2024-11-16,12:55:57,Pending,831
6296,785,108,Butter Chicken,2023-09-05,21:34:28,Completed,201
6297,823,170,Paneer Tikka,2024-03-07,10:02:10,Completed,314
6298,368,172,Caesar Salad,2024-05-26,15:29:38,Completed,715
6299,389,51,Pav Bhaji,2023-05-25,09:34:16,Completed,950
6300,888,115,Butter Chicken,2025-02-06,18:46:44,Completed,687
6301,374,61,Pav Bhaji,2023-03-11,12:05:39,Completed,307
6302,936,101,Masala Dosa,2024-01-18,16:39:08,Completed,169
6303,76,195,Masala Dosa,2024-04-19,14:42:06,Completed,472
6304,488,139,Fish Curry,2025-06-20,15:44:35,Completed,572
6305,900,3,Veg Fried Rice,2025-04-11,13:18:27,Completed,610
6306,242,198,Veg Fried Rice,2025-02-21,11:01:08,Cancelled,662
6307,671,15,Caesar Salad,2024-08-30,12:57:21,Completed,141
6308,909,131,Paneer Tikka,2024-09-23,10:07:20,Completed,540
6309,674,35,Chicken Tikka,2024-09-06,21:54:21,Completed,279
6310,853,86,Chicken Momos,2024-02-13,16:00:14,Completed,792
6311,415,31,Dal Makhani,2023-10-15,20:28:49,Pending,312
6312,322,156,Caesar Salad,2024-05-09,22:03:45,Completed,383
6313,759,180,Paneer Tikka,2025-06-07,17:29:31,Completed,788
6314,918,15,Paneer Butter Masala,2023-05-01,12:02:51,Completed,562
6315,322,2,Veg Momos,2024-08-13,13:23:15,Completed,248
6316,425,34,Veg Momos,2025-04-01,09:17:20,Completed,145
6317,484,183,Farmhouse Pizza,2024-07-06,15:43:39,Completed,736
6318,889,144,Chole Bhature,2025-03-23,20:31:06,Completed,890
6319,943,63,Hakka Noodles,2024-06-29,20:13:42,Completed,927
6320,810,131,Caesar Salad,2023-03-17,11:21:18,Completed,808
6321,401,2,Burger,2023-11-02,21:49:14,Completed,683
6322,512,55,Caesar Salad,2024-06-26,22:09:01,Completed,745
6323,33,127,Veg Fried Rice,2025-01-23,22:54:43,Completed,437
6324,853,143,Pav Bhaji,2023-11-03,10:01:49,Completed,320
6325,293,51,Burger,2024-11-28,17:48:12,Completed,469
6326,646,154,Fish Curry,2024-10-14,11:04:50,Completed,945
6327,95,149,Caesar Salad,2025-04-05,10:42:41,Completed,239
6328,792,140,Veg Biryani,2024-07-14,15:49:27,Completed,154
6329,262,107,Chole Bhature,2025-04-16,17:43:38,Completed,670
6330,674,48,Chole Bhature,2024-12-09,09:31:01,Completed,862
6331,133,111,Pav Bhaji,2025-06-12,14:45:30,Completed,800
6332,75,85,Masala Dosa,2023-08-29,18:40:41,Completed,445
6333,117,164,Fish Curry,2023-03-30,21:40:52,Completed,421
6334,499,148,Margherita Pizza,2023-04-30,14:10:54,Completed,374
6335,427,189,Burger,2023-01-04,11:04:38,Completed,574
6336,610,20,Hakka Noodles,2024-12-17,15:30:56,Completed,730
6337,232,161,Margherita Pizza,2024-09-18,12:11:15,Completed,926
6338,275,185,Masala Dosa,2023-05-30,14:50:34,Completed,182
6339,683,33,Butter Chicken,2024-10-28,14:11:15,Completed,623
6340,986,57,Chicken Tikka,2024-02-18,13:14:31,Completed,638
6341,964,23,Fish Curry,2024-02-21,14:12:04,Completed,215
6342,689,72,Masala Dosa,2024-08-12,12:14:46,Completed,155
6343,954,173,Paneer Tikka,2024-05-14,20:17:50,Completed,488
6344,836,83,Margherita Pizza,2024-02-12,21:31:46,Completed,344
6345,486,15,Veg Fried Rice,2023-10-23,10:02:31,Completed,942
6346,988,19,Veg Biryani,2024-04-11,13:52:40,Completed,286
6347,357,170,Idli Sambar,2023-11-11,19:42:54,Completed,810
6348,724,89,Masala Dosa,2025-01-04,22:39:03,Completed,539
6349,750,55,Idli Sambar,2023-06-23,21:43:50,Cancelled,146
6350,676,73,Masala Dosa,2023-01-28,10:15:01,Completed,394
6351,556,66,Pav Bhaji,2025-05-26,14:40:02,Completed,860
6352,495,197,Paneer Butter Masala,2024-08-26,09:57:19,Completed,503
6353,480,54,Chicken Tikka,2025-01-29,21:55:25,Pending,761
6354,229,192,Burger,2023-08-30,21:12:23,Completed,749
6355,416,34,Paneer Butter Masala,2024-04-12,14:18:24,Completed,365
6356,359,104,Butter Chicken,2024-09-03,17:01:28,Completed,748
6357,582,50,Idli Sambar,2024-04-04,16:39:51,Completed,147
6358,910,23,Veg Fried Rice,2024-10-31,11:30:29,Pending,938
6359,713,110,Veg Fried Rice,2024-03-04,11:34:54,Completed,545
6360,189,16,Fish Curry,2023-12-26,09:49:42,Pending,466
6361,251,74,Paneer Butter Masala,2024-06-23,09:07:45,Completed,328
6362,397,121,Paneer Butter Masala,2023-12-15,14:51:55,Completed,845
6363,457,36,Chicken Tikka,2023-02-08,15:03:16,Completed,700
6364,973,114,Veg Fried Rice,2024-06-11,21:24:02,Completed,456
6365,956,166,Masala Dosa,2025-03-08,22:14:46,Completed,547
6366,619,52,Paneer Butter Masala,2023-11-21,13:07:58,Completed,902
6367,395,177,Farmhouse Pizza,2023-07-22,21:47:40,Completed,808
6368,18,162,Burger,2025-05-03,21:59:34,Cancelled,916
6369,18,141,Butter Chicken,2023-10-15,18:50:24,Completed,626
6370,206,117,Caesar Salad,2023-12-31,10:33:32,Completed,623
6371,949,3,Chole Bhature,2023-08-28,15:37:55,Completed,803
6372,281,54,Paneer Butter Masala,2024-02-01,14:31:25,Completed,516
6373,552,42,Chicken Momos,2023-06-02,09:31:03,Completed,664
6374,122,146,Burger,2025-06-08,19:41:36,Completed,493
6375,399,49,Caesar Salad,2023-08-08,12:15:54,Completed,928
6376,411,192,Burger,2023-04-03,13:14:15,Completed,847
6377,654,143,Farmhouse Pizza,2024-04-29,19:46:55,Completed,620
6378,792,162,Dal Makhani,2025-01-19,14:42:06,Cancelled,383
6379,73,68,Farmhouse Pizza,2024-08-24,16:47:01,Cancelled,779
6380,538,144,Veg Fried Rice,2023-05-15,19:35:18,Cancelled,868
6381,200,170,Chicken Biryani,2025-06-28,09:07:56,Completed,588
6382,849,133,Chole Bhature,2024-03-18,09:48:51,Completed,732
6383,795,15,Margherita Pizza,2023-08-04,12:12:51,Completed,773
6384,770,194,Idli Sambar,2024-04-01,22:05:20,Completed,734
6385,645,195,Caesar Salad,2023-11-02,14:25:48,Completed,740
6386,816,53,Veg Fried Rice,2023-03-30,17:02:43,Completed,827
6387,681,60,Fish Curry,2025-01-22,11:41:31,Completed,411
6388,936,53,Veg Momos,2024-05-25,19:24:15,Completed,506
6389,877,181,Margherita Pizza,2024-11-07,17:20:53,Completed,588
6390,340,199,Butter Chicken,2025-01-05,11:37:42,Completed,326
6391,275,150,Chicken Tikka,2024-09-24,14:53:44,Completed,792
6392,535,95,Farmhouse Pizza,2023-04-19,22:52:39,Completed,142
6393,416,58,Hakka Noodles,2023-06-06,18:51:06,Completed,607
6394,964,152,Burger,2024-06-17,11:46:52,Completed,507
6395,679,105,Pav Bhaji,2025-03-24,13:03:10,Cancelled,528
6396,255,20,Margherita Pizza,2023-09-20,09:58:28,Completed,155
6397,536,16,Chole Bhature,2024-04-11,09:58:04,Completed,340
6398,177,130,Caesar Salad,2024-10-13,17:53:26,Completed,312
6399,62,42,Veg Biryani,2023-12-02,10:50:55,Cancelled,422
6400,801,18,Dal Makhani,2024-06-25,09:25:22,Completed,429
6401,913,71,Burger,2023-01-03,09:49:57,Completed,708
6402,432,68,Paneer Butter Masala,2024-08-23,16:42:48,Completed,838
6403,340,82,Burger,2024-07-29,11:40:57,Cancelled,444
6404,563,179,Margherita Pizza,2023-04-22,11:16:25,Completed,556
6405,223,187,Hakka Noodles,2024-05-28,18:52:20,Completed,587
6406,191,183,Hakka Noodles,2024-03-15,10:00:27,Completed,836
6407,492,145,Chole Bhature,2023-11-12,14:36:11,Completed,672
6408,394,150,Veg Momos,2024-03-05,20:44:29,Completed,456
6409,333,2,Chicken Biryani,2023-06-15,15:26:14,Completed,925
6410,860,60,Veg Biryani,2023-05-22,11:58:40,Cancelled,688
6411,280,49,Paneer Tikka,2024-05-31,14:01:43,Completed,651
6412,202,48,Paneer Tikka,2024-11-17,13:38:06,Completed,568
6413,11,77,Butter Chicken,2025-03-02,12:34:50,Completed,277
6414,126,79,Fish Curry,2023-08-04,17:44:13,Completed,944
6415,584,9,Pav Bhaji,2023-09-15,12:10:58,Completed,879
6416,338,57,Pav Bhaji,2024-02-29,22:21:33,Completed,802
6417,300,70,Dal Makhani,2024-04-05,18:00:57,Completed,319
6418,238,10,Paneer Tikka,2023-12-24,21:08:58,Completed,884
6419,442,13,Veg Momos,2023-08-20,20:41:44,Completed,623
6420,756,127,Veg Momos,2024-04-11,15:38:52,Pending,347
6421,409,120,Paneer Tikka,2023-03-20,21:09:45,Completed,200
6422,966,119,Farmhouse Pizza,2023-12-13,09:54:25,Pending,808
6423,800,133,Caesar Salad,2023-03-31,21:14:33,Completed,581
6424,140,188,Masala Dosa,2025-06-18,10:05:35,Completed,219
6425,394,43,Chicken Momos,2023-08-25,18:04:29,Completed,669
6426,241,78,Chole Bhature,2024-03-24,10:40:36,Completed,522
6427,921,95,Fish Curry,2023-10-27,12:16:29,Completed,816
6428,883,50,Veg Fried Rice,2025-04-04,14:18:51,Completed,783
6429,364,179,Dal Makhani,2023-11-28,12:45:20,Completed,936
6430,59,112,Masala Dosa,2024-05-01,10:02:23,Completed,864
6431,9,112,Pav Bhaji,2023-11-11,15:32:36,Completed,440
6432,179,187,Chicken Biryani,2024-08-23,21:17:58,Completed,792
6433,302,51,Chole Bhature,2025-04-29,17:17:20,Completed,442
6434,575,17,Fish Curry,2023-06-01,21:42:20,Completed,490
6435,330,110,Veg Momos,2025-05-28,21:07:53,Completed,451
6436,420,146,Farmhouse Pizza,2023-03-01,11:21:45,Completed,526
6437,78,62,Burger,2025-05-04,16:41:00,Completed,264
6438,25,36,Chicken Momos,2024-08-29,14:14:56,Completed,214
6439,985,109,Chole Bhature,2023-04-18,19:59:07,Completed,197
6440,170,152,Paneer Tikka,2025-03-28,16:29:21,Pending,207
6441,937,69,Dal Makhani,2025-06-07,13:33:29,Completed,124
6442,688,53,Masala Dosa,2023-11-17,15:10:57,Completed,400
6443,831,58,Veg Biryani,2024-11-24,11:25:57,Completed,621
6444,132,14,Veg Biryani,2025-06-25,14:48:13,Completed,848
6445,877,161,Pav Bhaji,2025-02-28,11:43:37,Completed,446
6446,347,7,Paneer Tikka,2024-07-17,09:08:19,Completed,194
6447,584,21,Masala Dosa,2025-01-05,14:40:01,Completed,592
6448,816,191,Veg Momos,2023-03-29,11:32:12,Completed,719
6449,680,167,Burger,2023-04-29,17:04:35,Completed,439
6450,260,22,Idli Sambar,2024-01-04,12:21:11,Cancelled,392
6451,429,199,Chole Bhature,2025-05-24,09:37:33,Pending,905
6452,728,98,Chole Bhature,2024-04-29,10:00:44,Completed,760
6453,571,56,Pav Bhaji,2024-06-04,15:53:08,Completed,260
6454,173,114,Dal Makhani,2024-04-20,10:23:34,Cancelled,432
6455,208,113,Caesar Salad,2024-11-09,16:26:10,Completed,784
6456,889,193,Paneer Butter Masala,2024-07-04,17:13:07,Completed,647
6457,613,141,Pav Bhaji,2024-10-07,20:10:59,Completed,354
6458,416,72,Butter Chicken,2024-01-10,16:36:46,Completed,647
6459,660,59,Burger,2023-01-12,18:15:30,Completed,222
6460,576,93,Butter Chicken,2024-10-02,22:04:16,Completed,916
6461,85,167,Fish Curry,2024-11-19,14:00:09,Completed,295
6462,459,50,Dal Makhani,2024-03-13,09:29:40,Cancelled,405
6463,290,35,Idli Sambar,2023-08-03,20:17:01,Completed,192
6464,777,189,Veg Fried Rice,2023-10-18,16:10:32,Completed,284
6465,645,93,Hakka Noodles,2024-01-17,22:05:52,Completed,612
6466,22,29,Hakka Noodles,2024-09-24,21:02:41,Completed,605
6467,139,111,Farmhouse Pizza,2024-11-19,19:34:52,Completed,451
6468,210,33,Burger,2024-03-01,10:55:05,Completed,866
6469,724,155,Farmhouse Pizza,2024-10-15,12:13:35,Pending,442
6470,794,50,Veg Momos,2023-08-09,21:18:27,Completed,730
6471,673,166,Veg Biryani,2023-05-06,17:36:31,Completed,613
6472,559,44,Veg Biryani,2024-10-05,10:47:24,Completed,862
6473,924,10,Fish Curry,2023-09-25,12:58:51,Completed,137
6474,930,41,Pav Bhaji,2023-01-09,18:17:47,Completed,247
6475,735,44,Pav Bhaji,2024-04-26,12:47:34,Completed,804
6476,114,181,Veg Biryani,2023-02-23,10:30:12,Completed,743
6477,487,117,Idli Sambar,2024-12-28,21:54:03,Completed,907
6478,351,126,Fish Curry,2025-01-31,12:07:29,Completed,553
6479,956,15,Margherita Pizza,2023-11-13,15:38:45,Completed,210
6480,265,37,Chole Bhature,2023-04-18,22:51:52,Completed,404
6481,952,74,Caesar Salad,2024-04-11,22:14:21,Completed,572
6482,661,74,Idli Sambar,2023-05-09,12:00:55,Completed,883
6483,350,130,Paneer Tikka,2024-04-29,21:52:25,Completed,158
6484,567,145,Chicken Tikka,2023-02-16,22:34:31,Completed,524
6485,915,94,Burger,2024-04-25,20:34:13,Completed,794
6486,927,174,Paneer Tikka,2023-06-07,09:21:58,Completed,658
6487,263,6,Idli Sambar,2024-05-25,09:25:16,Completed,546
6488,929,61,Chole Bhature,2025-02-22,21:56:17,Cancelled,178
6489,90,42,Idli Sambar,2024-07-12,09:39:17,Completed,764
6490,347,122,Veg Fried Rice,2023-11-09,22:21:19,Completed,944
6491,612,55,Chicken Momos,2023-06-19,10:18:51,Completed,751
6492,491,51,Paneer Tikka,2023-04-11,17:10:47,Completed,313
6493,109,184,Veg Momos,2025-02-28,21:24:28,Pending,350
6494,637,25,Veg Fried Rice,2024-12-14,10:20:13,Cancelled,946
6495,230,88,Fish Curry,2023-02-17,15:01:22,Cancelled,449
6496,441,31,Hakka Noodles,2025-04-06,10:59:59,Cancelled,290
6497,919,134,Idli Sambar,2023-09-26,15:04:16,Completed,936
6498,814,59,Fish Curry,2024-06-11,18:39:09,Completed,923
6499,994,93,Chicken Momos,2024-10-08,20:28:26,Completed,550
6500,312,145,Dal Makhani,2024-11-21,22:38:42,Completed,503
6501,331,55,Veg Momos,2025-01-31,12:50:06,Completed,751
6502,173,199,Veg Fried Rice,2024-10-27,09:57:37,Completed,734
6503,241,53,Dal Makhani,2025-04-09,13:37:34,Completed,325
6504,918,172,Pav Bhaji,2023-04-15,16:52:21,Completed,365
6505,101,108,Chicken Tikka,2023-06-17,10:06:55,Completed,312
6506,745,65,Pav Bhaji,2025-04-11,11:35:59,Completed,623
6507,836,90,Masala Dosa,2023-12-28,16:18:32,Completed,324
6508,941,98,Paneer Tikka,2023-06-26,21:04:22,Completed,314
6509,557,2,Chicken Biryani,2025-04-21,13:46:46,Completed,644
6510,296,141,Farmhouse Pizza,2024-02-04,20:37:17,Completed,916
6511,760,26,Chicken Momos,2024-09-24,14:16:53,Completed,514
6512,542,91,Veg Fried Rice,2023-02-11,13:35:57,Completed,777
6513,866,87,Pav Bhaji,2023-07-28,09:29:42,Cancelled,240
6514,62,126,Masala Dosa,2023-02-13,16:47:43,Completed,664
6515,502,58,Chicken Biryani,2023-03-08,15:14:21,Completed,263
6516,615,199,Chicken Biryani,2023-01-29,22:36:37,Completed,831
6517,109,160,Idli Sambar,2023-01-31,15:33:02,Completed,608
6518,901,174,Chicken Biryani,2024-12-08,12:05:38,Completed,513
6519,233,104,Veg Fried Rice,2023-05-01,19:17:58,Completed,810
6520,525,55,Butter Chicken,2025-04-17,14:20:08,Completed,151
6521,870,7,Masala Dosa,2024-01-03,20:51:36,Completed,149
6522,559,107,Pav Bhaji,2023-01-13,22:31:47,Completed,143
6523,933,128,Chicken Biryani,2023-06-17,18:52:02,Completed,666
6524,568,149,Butter Chicken,2025-06-03,22:38:50,Completed,163
6525,11,141,Chicken Tikka,2024-04-10,12:40:59,Completed,339
6526,687,27,Idli Sambar,2024-02-24,15:02:42,Completed,711
6527,274,192,Burger,2025-02-09,20:02:26,Completed,236
6528,31,154,Chole Bhature,2023-02-19,22:57:47,Completed,710
6529,130,12,Burger,2024-02-18,17:24:25,Completed,884
6530,684,87,Chicken Momos,2023-03-23,16:01:08,Completed,483
6531,612,191,Pav Bhaji,2024-05-04,20:40:00,Completed,467
6532,842,101,Masala Dosa,2023-02-24,18:32:27,Completed,399
6533,449,40,Dal Makhani,2024-02-22,15:55:52,Completed,899
6534,113,147,Idli Sambar,2023-01-10,17:34:26,Completed,450
6535,452,53,Fish Curry,2025-01-04,14:17:11,Completed,131
6536,541,195,Veg Momos,2023-04-15,15:20:38,Completed,292
6537,747,34,Chicken Biryani,2025-04-29,16:34:52,Completed,406
6538,907,47,Farmhouse Pizza,2024-02-12,12:16:46,Completed,173
6539,138,95,Butter Chicken,2023-08-24,22:24:27,Pending,364
6540,966,31,Butter Chicken,2025-05-06,22:25:32,Completed,790
6541,412,101,Chicken Biryani,2023-06-28,19:57:28,Completed,540
6542,834,139,Chicken Momos,2025-06-02,12:10:42,Completed,244
6543,786,182,Chicken Tikka,2023-07-01,18:32:54,Completed,478
6544,957,191,Caesar Salad,2023-12-11,21:58:03,Completed,777
6545,705,71,Paneer Tikka,2024-09-04,17:27:44,Completed,348
6546,538,131,Masala Dosa,2024-03-06,18:17:21,Completed,658
6547,328,187,Hakka Noodles,2025-04-19,15:45:53,Completed,405
6548,574,75,Hakka Noodles,2023-04-08,14:48:37,Completed,465
6549,324,116,Pav Bhaji,2024-02-27,17:05:07,Completed,842
6550,70,81,Idli Sambar,2023-02-23,11:51:51,Completed,246
6551,227,149,Paneer Tikka,2025-02-07,22:56:24,Completed,733
6552,413,24,Chicken Biryani,2024-05-12,11:17:55,Completed,681
6553,54,92,Fish Curry,2023-02-25,10:44:51,Completed,580
6554,985,146,Chicken Tikka,2025-05-14,19:40:06,Completed,650
6555,126,20,Chicken Tikka,2023-12-10,11:18:42,Completed,256
6556,547,148,Veg Fried Rice,2023-08-23,12:36:53,Completed,883
6557,337,16,Masala Dosa,2023-01-15,19:18:50,Completed,229
6558,340,148,Farmhouse Pizza,2023-07-11,21:08:08,Completed,704
6559,560,21,Chicken Momos,2024-04-28,22:54:16,Completed,360
6560,426,66,Masala Dosa,2024-01-17,21:06:52,Completed,422
6561,566,144,Paneer Tikka,2024-07-17,13:55:28,Completed,159
6562,136,129,Caesar Salad,2023-03-21,12:53:16,Completed,253
6563,919,128,Paneer Tikka,2025-03-21,09:37:52,Cancelled,367
6564,890,181,Margherita Pizza,2025-02-13,21:06:55,Completed,887
6565,580,55,Veg Momos,2025-04-21,11:42:47,Cancelled,407
6566,244,160,Caesar Salad,2024-02-27,14:11:39,Pending,360
6567,401,66,Veg Momos,2024-05-10,11:38:36,Completed,308
6568,41,141,Hakka Noodles,2023-01-11,15:11:05,Completed,770
6569,2,33,Chicken Tikka,2023-10-01,21:18:24,Completed,204
6570,404,94,Masala Dosa,2024-05-06,20:59:01,Pending,640
6571,124,195,Veg Momos,2025-04-01,20:13:04,Completed,431
6572,751,157,Fish Curry,2024-03-20,18:04:39,Completed,127
6573,804,182,Hakka Noodles,2025-01-22,17:08:58,Completed,128
6574,853,111,Farmhouse Pizza,2024-08-13,11:06:38,Completed,656
6575,165,125,Chole Bhature,2024-06-14,09:48:54,Completed,893
6576,43,75,Hakka Noodles,2023-09-06,17:11:15,Completed,758
6577,548,164,Veg Fried Rice,2025-03-04,20:33:38,Completed,812
6578,618,46,Farmhouse Pizza,2024-09-10,09:57:28,Completed,444
6579,858,157,Farmhouse Pizza,2023-06-09,09:56:03,Completed,890
6580,474,162,Idli Sambar,2023-12-30,09:59:04,Completed,436
6581,391,71,Chicken Biryani,2023-11-09,15:53:30,Completed,194
6582,135,67,Veg Biryani,2024-01-28,14:54:40,Completed,735
6583,301,118,Paneer Butter Masala,2023-12-26,20:40:25,Completed,323
6584,240,141,Idli Sambar,2023-07-17,14:51:32,Completed,883
6585,99,32,Caesar Salad,2023-08-11,18:37:57,Completed,720
6586,1,51,Chole Bhature,2023-06-30,13:36:07,Completed,410
6587,514,71,Idli Sambar,2025-02-01,12:02:45,Completed,824
6588,668,110,Chicken Momos,2024-10-15,15:23:01,Completed,378
6589,433,3,Pav Bhaji,2024-07-08,16:40:46,Completed,381
6590,65,85,Idli Sambar,2025-06-28,21:53:42,Completed,859
6591,179,90,Chole Bhature,2023-10-27,22:43:43,Completed,628
6592,443,102,Chicken Biryani,2024-09-02,16:51:47,Completed,625
6593,118,120,Margherita Pizza,2024-02-17,10:31:37,Completed,468
6594,677,76,Farmhouse Pizza,2024-01-06,10:05:45,Completed,207
6595,950,134,Chicken Momos,2025-05-06,11:49:49,Completed,804
6596,711,199,Pav Bhaji,2025-04-08,12:26:09,Completed,902
6597,970,169,Veg Fried Rice,2023-05-09,19:20:13,Completed,528
6598,678,78,Paneer Tikka,2023-01-28,12:13:00,Completed,898
6599,180,4,Margherita Pizza,2024-07-24,15:27:05,Completed,827
6600,158,71,Dal Makhani,2025-04-06,14:25:35,Completed,465
6601,371,194,Idli Sambar,2024-07-06,17:00:03,Completed,237
6602,333,167,Burger,2024-07-31,20:29:35,Completed,858
6603,935,75,Hakka Noodles,2024-03-04,10:44:38,Completed,202
6604,622,136,Fish Curry,2024-11-10,21:46:48,Pending,737
6605,341,45,Dal Makhani,2025-01-28,10:03:33,Completed,212
6606,669,79,Veg Momos,2024-02-15,11:48:58,Cancelled,308
6607,307,3,Paneer Tikka,2025-03-24,20:43:19,Cancelled,940
6608,117,11,Veg Biryani,2023-01-07,17:13:50,Completed,895
6609,907,66,Pav Bhaji,2024-06-05,22:27:49,Completed,689
6610,464,29,Farmhouse Pizza,2023-08-13,11:52:54,Completed,691
6611,820,92,Veg Biryani,2023-06-01,21:26:37,Completed,668
6612,952,115,Idli Sambar,2023-12-21,14:27:45,Completed,127
6613,899,59,Caesar Salad,2024-05-27,17:32:50,Completed,452
6614,297,155,Hakka Noodles,2024-08-30,20:35:23,Completed,375
6615,421,154,Pav Bhaji,2024-12-26,22:01:24,Completed,700
6616,502,128,Farmhouse Pizza,2024-03-28,20:16:19,Completed,465
6617,109,20,Chole Bhature,2024-06-14,09:55:34,Completed,883
6618,401,2,Fish Curry,2025-06-13,12:26:03,Cancelled,162
6619,1,116,Chicken Biryani,2024-10-30,12:21:17,Completed,723
6620,405,153,Hakka Noodles,2023-08-06,19:26:10,Completed,662
6621,638,77,Idli Sambar,2024-03-05,09:31:01,Completed,864
6622,542,44,Farmhouse Pizza,2025-05-14,10:21:14,Completed,718
6623,237,3,Hakka Noodles,2024-04-04,11:57:23,Completed,562
6624,815,175,Veg Momos,2025-03-28,12:47:32,Completed,593
6625,227,50,Chole Bhature,2024-01-11,17:46:25,Completed,405
6626,11,67,Veg Biryani,2024-07-09,18:31:23,Completed,544
6627,498,120,Paneer Butter Masala,2023-11-12,17:44:59,Completed,760
6628,28,106,Paneer Butter Masala,2025-05-21,11:02:56,Completed,799
6629,523,41,Veg Fried Rice,2023-07-05,11:19:55,Completed,540
6630,685,102,Veg Fried Rice,2024-09-20,13:34:45,Completed,189
6631,650,92,Chicken Tikka,2023-01-14,12:31:10,Completed,609
6632,901,133,Burger,2023-12-21,16:07:30,Completed,143
6633,880,79,Paneer Butter Masala,2023-07-25,09:25:54,Completed,897
6634,810,104,Masala Dosa,2023-01-28,11:33:05,Completed,154
6635,714,128,Pav Bhaji,2023-12-15,19:00:30,Completed,944
6636,698,46,Dal Makhani,2024-09-26,15:03:01,Completed,706
6637,771,49,Pav Bhaji,2023-01-27,18:44:58,Completed,514
6638,61,103,Chole Bhature,2024-11-30,14:47:53,Completed,930
6639,513,12,Veg Momos,2023-06-13,11:12:29,Completed,417
6640,674,15,Margherita Pizza,2024-05-18,20:27:00,Completed,429
6641,207,132,Butter Chicken,2025-04-27,13:06:33,Completed,882
6642,397,181,Masala Dosa,2025-03-14,22:02:44,Completed,704
6643,698,62,Chicken Momos,2024-04-14,09:22:51,Completed,835
6644,292,57,Burger,2023-10-23,20:46:10,Completed,184
6645,482,109,Pav Bhaji,2024-10-25,17:09:46,Completed,303
6646,461,3,Paneer Butter Masala,2025-02-23,13:02:17,Cancelled,352
6647,336,169,Chole Bhature,2023-01-04,20:46:21,Completed,947
6648,849,116,Chicken Momos,2024-01-26,22:47:07,Completed,851
6649,45,18,Farmhouse Pizza,2025-03-13,14:54:46,Completed,790
6650,280,127,Veg Fried Rice,2023-04-20,09:25:57,Completed,299
6651,195,182,Margherita Pizza,2023-11-05,22:29:39,Completed,599
6652,830,69,Fish Curry,2023-11-14,10:41:25,Completed,173
6653,879,20,Masala Dosa,2023-03-08,10:28:24,Completed,566
6654,169,187,Masala Dosa,2023-03-11,21:18:12,Completed,184
6655,292,19,Veg Fried Rice,2024-12-24,14:07:24,Completed,243
6656,171,53,Chicken Biryani,2023-06-16,21:54:49,Completed,744
6657,70,163,Farmhouse Pizza,2024-07-15,15:04:51,Completed,136
6658,852,109,Veg Momos,2023-04-04,17:39:17,Completed,174
6659,974,120,Burger,2023-04-24,11:21:52,Completed,646
6660,316,194,Paneer Butter Masala,2023-02-25,19:54:54,Completed,393
6661,369,75,Chicken Tikka,2024-02-16,19:37:30,Completed,807
6662,127,88,Veg Biryani,2023-03-28,10:34:26,Completed,664
6663,286,124,Chicken Tikka,2025-04-10,22:51:59,Completed,282
6664,821,97,Chicken Momos,2023-05-06,22:44:18,Completed,411
6665,737,71,Veg Momos,2024-06-07,18:43:56,Completed,937
6666,179,185,Chicken Biryani,2024-06-30,22:22:39,Completed,487
6667,576,140,Dal Makhani,2024-10-09,19:09:30,Completed,948
6668,923,24,Veg Fried Rice,2025-05-27,18:40:48,Completed,206
6669,588,77,Pav Bhaji,2024-05-12,14:31:42,Completed,588
6670,979,2,Veg Momos,2023-09-12,09:19:39,Completed,768
6671,457,129,Chicken Biryani,2023-05-28,16:39:03,Completed,750
6672,836,110,Pav Bhaji,2024-10-28,21:40:22,Cancelled,752
6673,263,69,Chicken Biryani,2024-02-15,17:55:33,Completed,313
6674,61,166,Veg Fried Rice,2023-02-28,12:46:40,Completed,737
6675,418,94,Paneer Butter Masala,2025-04-01,10:56:28,Completed,649
6676,937,105,Dal Makhani,2025-01-27,14:28:52,Completed,770
6677,439,81,Dal Makhani,2024-04-25,10:59:55,Completed,743
6678,176,151,Idli Sambar,2024-07-22,18:50:02,Completed,316
6679,955,109,Pav Bhaji,2025-04-15,09:44:07,Completed,196
6680,169,114,Chole Bhature,2023-01-02,12:39:14,Completed,610
6681,270,72,Chole Bhature,2024-10-05,21:58:05,Completed,682
6682,409,192,Paneer Tikka,2024-02-04,18:13:58,Completed,636
6683,170,169,Margherita Pizza,2023-02-16,11:29:58,Completed,515
6684,372,137,Chole Bhature,2024-03-06,21:18:40,Completed,263
6685,922,37,Caesar Salad,2025-01-25,18:27:39,Completed,410
6686,93,143,Burger,2023-05-22,17:07:52,Completed,585
6687,984,166,Fish Curry,2023-03-08,19:35:36,Completed,726
6688,156,157,Caesar Salad,2023-10-10,19:06:52,Completed,637
6689,92,199,Veg Biryani,2024-10-05,22:12:40,Cancelled,909
6690,388,66,Chicken Tikka,2024-12-27,14:27:02,Completed,138
6691,946,10,Chicken Biryani,2023-10-15,10:31:57,Completed,917
6692,702,104,Veg Biryani,2024-02-20,15:44:05,Completed,766
6693,254,40,Veg Biryani,2023-04-16,12:20:28,Completed,712
6694,319,193,Chicken Biryani,2023-06-28,22:05:01,Completed,709
6695,267,78,Caesar Salad,2024-03-24,15:08:48,Completed,827
6696,765,86,Farmhouse Pizza,2025-06-13,19:16:47,Cancelled,566
6697,893,160,Hakka Noodles,2023-04-04,18:06:43,Completed,600
6698,986,48,Veg Fried Rice,2024-12-30,14:41:49,Completed,824
6699,995,40,Chole Bhature,2023-03-24,15:23:43,Cancelled,863
6700,225,14,Caesar Salad,2023-07-27,22:30:04,Completed,415
6701,886,136,Veg Biryani,2023-08-14,10:40:17,Completed,761
6702,560,193,Masala Dosa,2023-10-09,18:17:47,Completed,621
6703,854,198,Paneer Butter Masala,2023-11-18,09:19:07,Completed,178
6704,413,125,Chole Bhature,2025-05-13,15:13:37,Completed,806
6705,530,17,Chole Bhature,2023-01-10,22:13:54,Completed,197
6706,682,121,Pav Bhaji,2024-10-11,21:05:32,Cancelled,753
6707,906,102,Caesar Salad,2024-01-31,19:43:31,Completed,915
6708,271,46,Chole Bhature,2025-06-11,16:31:46,Completed,191
6709,563,171,Veg Momos,2024-02-08,14:31:30,Completed,554
6710,999,40,Dal Makhani,2024-02-25,15:54:28,Completed,436
6711,194,149,Dal Makhani,2025-01-06,20:51:47,Completed,200
6712,950,60,Paneer Butter Masala,2023-10-18,16:00:37,Completed,630
6713,314,194,Chole Bhature,2023-04-17,15:52:58,Completed,840
6714,693,9,Veg Biryani,2024-03-16,21:14:24,Completed,199
6715,350,186,Chicken Tikka,2024-02-22,13:54:12,Completed,185
6716,623,195,Idli Sambar,2025-04-08,21:41:12,Completed,378
6717,738,116,Masala Dosa,2024-01-03,16:20:07,Cancelled,465
6718,478,137,Veg Fried Rice,2023-08-08,22:37:53,Completed,564
6719,238,79,Fish Curry,2023-10-03,20:06:21,Completed,273
6720,117,17,Chicken Momos,2024-07-19,17:47:56,Completed,454
6721,115,62,Margherita Pizza,2024-08-23,17:30:32,Completed,191
6722,314,150,Farmhouse Pizza,2024-10-18,09:15:26,Completed,347
6723,819,109,Paneer Tikka,2024-09-25,09:58:53,Completed,849
6724,553,125,Caesar Salad,2024-01-16,18:08:59,Completed,458
6725,86,22,Fish Curry,2024-06-23,20:58:22,Completed,325
6726,638,29,Paneer Tikka,2023-12-06,10:43:04,Completed,802
6727,888,179,Chicken Momos,2023-05-30,15:42:39,Cancelled,881
6728,938,183,Masala Dosa,2024-12-18,09:05:03,Completed,870
6729,803,132,Veg Momos,2023-12-16,20:09:23,Completed,361
6730,485,49,Pav Bhaji,2023-03-22,10:16:32,Completed,763
6731,176,180,Masala Dosa,2024-05-10,09:30:10,Completed,794
6732,953,54,Masala Dosa,2024-08-03,10:23:29,Completed,413
6733,398,157,Hakka Noodles,2024-03-10,13:39:19,Completed,878
6734,215,63,Burger,2024-12-30,13:43:32,Completed,246
6735,124,17,Chicken Tikka,2024-10-24,13:34:54,Completed,267
6736,419,200,Dal Makhani,2025-02-20,10:47:49,Completed,245
6737,240,160,Veg Momos,2024-01-14,14:56:41,Pending,639
6738,530,46,Paneer Tikka,2024-08-17,17:09:55,Completed,702
6739,11,173,Farmhouse Pizza,2023-11-08,17:47:20,Completed,666
6740,210,185,Chicken Tikka,2024-06-27,16:59:44,Cancelled,745
6741,971,160,Masala Dosa,2024-02-12,16:37:49,Completed,213
6742,61,139,Veg Biryani,2024-11-17,14:40:44,Completed,156
6743,312,141,Idli Sambar,2023-01-30,17:32:34,Completed,864
6744,565,26,Farmhouse Pizza,2023-09-22,18:49:44,Cancelled,620
6745,19,98,Veg Momos,2023-03-27,19:01:20,Completed,228
6746,428,172,Hakka Noodles,2023-01-08,19:32:44,Cancelled,650
6747,316,84,Chicken Biryani,2024-11-24,15:11:05,Completed,501
6748,693,191,Chicken Momos,2023-11-02,22:18:03,Cancelled,281
6749,851,99,Farmhouse Pizza,2023-11-01,18:30:17,Completed,786
6750,90,119,Chicken Momos,2024-05-31,15:02:59,Completed,288
6751,578,183,Fish Curry,2023-06-01,19:35:48,Completed,424
6752,93,127,Veg Fried Rice,2024-09-08,22:55:57,Completed,512
6753,2,116,Burger,2023-06-23,21:37:50,Completed,264
6754,72,42,Margherita Pizza,2024-01-27,19:55:10,Completed,703
6755,327,89,Veg Biryani,2023-02-26,17:56:14,Completed,388
6756,338,79,Caesar Salad,2024-08-16,19:00:22,Completed,758
6757,587,22,Paneer Tikka,2024-03-18,16:27:00,Completed,202
6758,970,194,Paneer Butter Masala,2024-12-08,09:48:56,Completed,345
6759,996,139,Idli Sambar,2023-10-23,22:04:53,Completed,165
6760,157,170,Veg Momos,2024-01-08,11:53:58,Completed,394
6761,436,94,Chicken Momos,2024-05-06,15:26:30,Completed,762
6762,243,61,Pav Bhaji,2025-04-22,17:06:21,Completed,206
6763,313,61,Veg Momos,2024-08-06,19:34:34,Completed,252
6764,462,85,Chicken Biryani,2023-03-22,16:52:41,Completed,768
6765,902,90,Chicken Momos,2023-03-04,13:00:59,Completed,536
6766,57,33,Pav Bhaji,2024-02-08,10:37:21,Completed,739
6767,183,71,Paneer Butter Masala,2024-01-26,11:54:14,Completed,205
6768,231,26,Chole Bhature,2025-06-24,10:32:06,Completed,708
6769,680,106,Paneer Butter Masala,2024-09-13,16:01:59,Completed,371
6770,808,88,Dal Makhani,2023-01-18,12:20:21,Completed,368
6771,128,33,Veg Momos,2024-12-01,16:01:52,Cancelled,155
6772,603,27,Chicken Momos,2025-06-29,19:41:07,Completed,176
6773,538,143,Pav Bhaji,2024-05-20,11:52:55,Completed,310
6774,407,100,Farmhouse Pizza,2023-01-01,22:12:05,Completed,884
6775,14,9,Dal Makhani,2024-10-11,12:06:03,Completed,335
6776,844,120,Paneer Tikka,2025-06-09,16:31:13,Completed,230
6777,196,117,Chicken Tikka,2024-09-07,20:29:14,Completed,581
6778,667,175,Dal Makhani,2024-12-12,18:41:49,Completed,132
6779,404,187,Fish Curry,2024-07-17,12:32:37,Completed,263
6780,258,130,Veg Momos,2024-06-26,21:28:50,Completed,213
6781,466,149,Veg Fried Rice,2024-01-04,18:18:32,Completed,512
6782,482,63,Fish Curry,2023-08-14,17:18:50,Completed,584
6783,514,34,Farmhouse Pizza,2024-10-14,16:34:03,Cancelled,692
6784,581,108,Chicken Tikka,2024-12-06,17:25:05,Completed,220
6785,457,164,Burger,2024-05-08,20:32:41,Completed,852
6786,247,13,Masala Dosa,2024-06-05,22:35:27,Completed,232
6787,293,114,Margherita Pizza,2025-04-26,14:48:41,Completed,222
6788,739,83,Burger,2023-01-05,09:52:06,Completed,434
6789,333,167,Chicken Tikka,2024-07-31,20:53:07,Completed,481
6790,801,129,Dal Makhani,2025-03-09,09:50:08,Completed,272
6791,703,68,Veg Biryani,2025-03-05,22:28:40,Completed,414
6792,638,46,Idli Sambar,2024-03-21,14:23:38,Completed,389
6793,353,93,Fish Curry,2025-04-24,19:08:05,Completed,428
6794,71,107,Burger,2023-11-16,22:51:18,Completed,832
6795,788,174,Farmhouse Pizza,2025-05-04,22:24:18,Cancelled,448
6796,48,170,Chicken Biryani,2025-06-19,16:12:25,Completed,513
6797,831,45,Caesar Salad,2025-01-01,19:15:25,Completed,616
6798,394,195,Idli Sambar,2023-03-19,16:32:09,Completed,806
6799,827,46,Veg Fried Rice,2023-12-23,19:26:42,Completed,719
6800,322,166,Chole Bhature,2025-01-12,11:56:15,Pending,388
6801,654,192,Veg Fried Rice,2024-01-30,17:44:53,Completed,900
6802,244,47,Veg Fried Rice,2024-02-17,17:04:04,Completed,417
6803,572,11,Hakka Noodles,2023-04-27,17:45:04,Completed,145
6804,356,88,Idli Sambar,2023-02-08,10:57:18,Completed,558
6805,216,110,Fish Curry,2024-11-24,09:17:27,Completed,268
6806,666,147,Masala Dosa,2024-06-15,12:15:20,Completed,615
6807,550,41,Dal Makhani,2023-02-01,15:43:02,Completed,366
6808,245,148,Chicken Momos,2024-08-30,16:34:12,Cancelled,492
6809,356,181,Chicken Tikka,2024-09-10,12:00:06,Completed,569
6810,780,89,Pav Bhaji,2024-12-12,21:24:46,Completed,233
6811,699,142,Idli Sambar,2023-02-22,15:58:48,Completed,129
6812,934,171,Margherita Pizza,2023-12-23,10:24:18,Completed,748
6813,598,105,Hakka Noodles,2023-03-15,14:29:48,Pending,922
6814,104,161,Chole Bhature,2023-03-05,09:47:21,Completed,370
6815,387,75,Veg Biryani,2023-04-08,19:38:43,Pending,675
6816,889,61,Hakka Noodles,2024-04-29,16:25:56,Completed,276
6817,410,120,Masala Dosa,2024-08-27,09:30:31,Completed,304
6818,120,69,Burger,2024-09-13,22:54:52,Completed,812
6819,347,136,Chicken Biryani,2024-05-07,13:48:13,Completed,893
6820,472,118,Burger,2025-06-18,14:00:47,Completed,441
6821,259,52,Paneer Tikka,2023-09-14,09:47:14,Cancelled,509
6822,305,151,Burger,2024-04-13,10:09:56,Completed,753
6823,80,153,Chole Bhature,2025-03-13,18:41:45,Completed,427
6824,924,81,Butter Chicken,2023-08-11,18:44:05,Completed,616
6825,250,162,Caesar Salad,2024-12-25,21:44:10,Completed,618
6826,856,130,Burger,2024-04-18,21:30:00,Completed,917
6827,348,67,Margherita Pizza,2024-01-21,20:47:18,Completed,311
6828,170,124,Masala Dosa,2024-08-21,19:48:00,Completed,440
6829,872,115,Chicken Biryani,2023-05-05,16:46:52,Completed,565
6830,895,42,Veg Biryani,2025-01-30,20:22:30,Completed,897
6831,848,170,Pav Bhaji,2023-03-11,11:15:27,Completed,164
6832,141,72,Hakka Noodles,2023-06-25,15:54:38,Cancelled,155
6833,440,192,Dal Makhani,2023-07-05,16:49:59,Pending,220
6834,854,115,Caesar Salad,2023-10-05,11:16:23,Completed,355
6835,882,159,Chicken Momos,2023-04-22,17:44:48,Completed,588
6836,433,125,Veg Biryani,2023-09-09,21:13:17,Completed,776
6837,994,105,Burger,2024-12-07,16:14:00,Completed,440
6838,279,163,Chicken Tikka,2023-01-21,16:21:44,Completed,931
6839,768,44,Veg Fried Rice,2023-09-16,21:00:22,Completed,267
6840,919,155,Idli Sambar,2025-03-31,12:37:12,Completed,699
6841,636,2,Margherita Pizza,2023-12-11,18:07:24,Completed,411
6842,480,121,Paneer Tikka,2024-12-18,21:07:09,Completed,303
6843,483,19,Veg Biryani,2024-07-18,16:55:09,Completed,822
6844,881,48,Idli Sambar,2025-02-04,14:08:15,Completed,868
6845,36,189,Paneer Tikka,2024-05-12,10:38:40,Completed,221
6846,139,129,Hakka Noodles,2023-03-05,14:52:26,Completed,406
6847,106,44,Veg Momos,2024-09-20,18:11:31,Pending,145
6848,356,52,Dal Makhani,2023-12-15,20:38:01,Completed,195
6849,513,187,Pav Bhaji,2023-08-07,11:17:37,Completed,809
6850,499,116,Idli Sambar,2024-06-19,16:55:05,Completed,947
6851,665,134,Idli Sambar,2024-01-13,14:04:00,Completed,143
6852,743,194,Paneer Butter Masala,2025-04-19,15:07:08,Completed,633
6853,520,19,Burger,2024-10-10,09:52:47,Completed,485
6854,318,122,Hakka Noodles,2024-01-20,15:37:20,Completed,753
6855,38,117,Burger,2023-02-13,13:12:15,Completed,145
6856,360,45,Chicken Tikka,2025-04-04,12:40:51,Completed,787
6857,543,147,Pav Bhaji,2024-09-05,09:20:36,Completed,695
6858,863,78,Veg Biryani,2023-10-05,14:14:48,Completed,781
6859,635,142,Chole Bhature,2024-04-10,22:12:44,Completed,256
6860,97,127,Burger,2025-05-26,14:09:08,Completed,715
6861,972,102,Idli Sambar,2024-04-23,13:41:37,Completed,645
6862,73,94,Chicken Biryani,2024-03-28,13:27:11,Completed,542
6863,225,179,Chicken Biryani,2024-12-13,22:10:48,Completed,908
6864,538,37,Caesar Salad,2024-01-21,14:39:39,Completed,321
6865,827,22,Paneer Butter Masala,2023-07-14,19:16:12,Completed,183
6866,62,74,Butter Chicken,2023-08-21,20:39:15,Completed,338
6867,315,118,Paneer Tikka,2023-09-04,11:17:23,Completed,400
6868,238,165,Hakka Noodles,2023-04-06,14:42:48,Completed,151
6869,187,106,Chicken Biryani,2024-02-24,10:02:46,Completed,604
6870,381,174,Veg Fried Rice,2023-02-06,13:30:12,Completed,391
6871,624,167,Chicken Tikka,2024-01-02,19:58:18,Completed,505
6872,163,152,Caesar Salad,2023-10-17,14:11:31,Completed,263
6873,761,141,Chole Bhature,2024-08-06,09:00:09,Completed,840
6874,44,84,Chicken Tikka,2025-01-25,10:44:11,Completed,163
6875,371,80,Dal Makhani,2025-01-27,19:11:36,Completed,408
6876,234,192,Veg Momos,2023-03-06,11:49:05,Completed,764
6877,415,187,Margherita Pizza,2024-11-23,11:51:47,Completed,316
6878,488,19,Caesar Salad,2023-09-10,15:57:16,Completed,126
6879,377,95,Chole Bhature,2024-11-22,09:43:56,Completed,211
6880,311,146,Margherita Pizza,2023-08-13,14:03:37,Completed,195
6881,926,133,Butter Chicken,2024-09-18,13:11:36,Completed,388
6882,137,91,Margherita Pizza,2024-12-20,14:22:29,Completed,481
6883,831,120,Paneer Butter Masala,2025-02-03,22:57:39,Completed,818
6884,309,29,Fish Curry,2024-03-23,18:45:45,Completed,736
6885,944,187,Chicken Tikka,2025-01-20,18:49:39,Cancelled,639
6886,591,17,Veg Fried Rice,2024-03-29,15:46:02,Completed,634
6887,303,72,Chicken Biryani,2024-11-11,16:13:00,Completed,173
6888,335,146,Idli Sambar,2025-04-20,17:38:20,Pending,387
6889,52,101,Margherita Pizza,2023-07-26,11:10:37,Completed,618
6890,453,171,Veg Biryani,2024-01-28,14:44:48,Completed,436
6891,967,153,Caesar Salad,2024-08-02,12:30:15,Cancelled,854
6892,425,145,Hakka Noodles,2025-04-09,16:36:28,Completed,354
6893,917,123,Pav Bhaji,2024-08-15,10:48:19,Completed,502
6894,143,85,Margherita Pizza,2024-04-15,12:29:44,Completed,125
6895,791,84,Chicken Tikka,2025-06-16,09:35:40,Completed,749
6896,932,18,Chicken Tikka,2024-08-01,18:17:13,Completed,909
6897,193,95,Masala Dosa,2023-02-16,18:53:55,Completed,621
6898,44,51,Chicken Momos,2024-03-11,16:45:03,Completed,446
6899,688,63,Paneer Butter Masala,2025-01-11,11:06:16,Completed,610
6900,922,169,Hakka Noodles,2023-03-10,19:50:51,Completed,828
6901,993,29,Veg Biryani,2023-06-13,11:55:37,Completed,394
6902,778,109,Butter Chicken,2024-01-16,15:33:47,Completed,437
6903,769,12,Fish Curry,2024-07-23,19:00:43,Completed,433
6904,623,164,Pav Bhaji,2024-06-18,09:03:22,Completed,807
6905,752,7,Idli Sambar,2023-10-09,18:55:08,Completed,486
6906,533,87,Veg Biryani,2023-03-17,18:01:43,Completed,495
6907,743,166,Margherita Pizza,2024-07-25,10:41:00,Completed,909
6908,797,137,Chicken Tikka,2023-04-09,19:16:16,Completed,684
6909,672,148,Hakka Noodles,2024-07-05,21:17:53,Completed,829
6910,943,95,Butter Chicken,2024-03-21,21:39:24,Completed,876
6911,110,49,Veg Momos,2023-04-18,16:19:40,Completed,938
6912,685,124,Paneer Butter Masala,2023-12-12,18:00:13,Completed,147
6913,614,139,Veg Momos,2025-03-30,16:57:02,Completed,617
6914,399,180,Masala Dosa,2025-03-10,16:48:25,Completed,188
6915,860,13,Margherita Pizza,2024-04-06,14:12:49,Completed,665
6916,449,52,Veg Fried Rice,2025-02-24,17:08:34,Completed,416
6917,20,27,Hakka Noodles,2023-08-17,17:51:55,Completed,435
6918,974,117,Farmhouse Pizza,2025-01-23,18:48:07,Completed,870
6919,534,156,Burger,2023-08-10,22:08:05,Completed,757
6920,943,65,Paneer Tikka,2024-07-30,12:23:34,Completed,387
6921,296,146,Dal Makhani,2023-04-02,22:31:59,Completed,942
6922,22,172,Paneer Butter Masala,2024-02-15,10:29:59,Completed,348
6923,311,26,Idli Sambar,2023-01-07,13:25:00,Completed,878
6924,647,52,Masala Dosa,2023-03-12,22:14:03,Completed,674
6925,405,52,Chicken Momos,2025-05-16,16:16:47,Completed,144
6926,466,103,Veg Biryani,2023-07-27,18:16:34,Completed,139
6927,302,132,Hakka Noodles,2023-03-12,11:00:52,Cancelled,660
6928,713,165,Masala Dosa,2025-01-02,13:47:04,Pending,621
6929,131,20,Veg Fried Rice,2024-12-12,16:34:23,Pending,386
6930,148,162,Margherita Pizza,2023-04-17,09:46:29,Completed,328
6931,805,185,Chicken Momos,2024-07-21,21:06:47,Completed,370
6932,180,106,Dal Makhani,2025-04-08,22:42:40,Cancelled,650
6933,798,171,Fish Curry,2024-07-09,09:25:39,Cancelled,575
6934,20,46,Hakka Noodles,2024-12-10,22:47:49,Completed,568
6935,241,144,Burger,2023-08-12,18:12:37,Completed,276
6936,124,109,Idli Sambar,2025-02-27,16:12:21,Completed,460
6937,763,177,Hakka Noodles,2025-05-07,17:55:04,Completed,157
6938,278,20,Chicken Momos,2024-11-13,18:23:00,Completed,895
6939,340,123,Pav Bhaji,2024-04-25,15:39:00,Completed,733
6940,855,14,Chicken Momos,2023-12-23,17:02:46,Completed,130
6941,677,31,Veg Fried Rice,2023-04-07,10:33:19,Completed,439
6942,189,55,Dal Makhani,2024-08-19,16:55:15,Completed,841
6943,893,91,Paneer Tikka,2024-02-25,20:25:18,Completed,472
6944,502,11,Fish Curry,2023-08-27,16:30:56,Completed,935
6945,334,16,Pav Bhaji,2024-11-13,12:33:02,Completed,330
6946,2,158,Chicken Tikka,2025-04-29,11:18:59,Completed,216
6947,56,200,Margherita Pizza,2023-12-04,09:30:32,Pending,847
6948,392,63,Margherita Pizza,2024-08-18,18:37:44,Completed,885
6949,65,163,Hakka Noodles,2023-02-03,17:08:17,Completed,881
6950,460,80,Dal Makhani,2024-12-02,11:34:26,Cancelled,687
6951,44,149,Masala Dosa,2023-05-17,11:25:06,Completed,393
6952,709,194,Hakka Noodles,2023-05-25,19:48:04,Cancelled,326
6953,942,171,Veg Fried Rice,2025-04-19,16:14:50,Completed,616
6954,932,19,Dal Makhani,2023-05-04,15:04:36,Completed,852
6955,55,200,Fish Curry,2023-07-12,12:51:19,Completed,922
6956,212,86,Farmhouse Pizza,2024-12-12,17:47:44,Completed,773
6957,113,5,Masala Dosa,2024-12-04,14:30:26,Completed,252
6958,98,80,Veg Momos,2023-07-20,20:35:07,Completed,857
6959,296,97,Farmhouse Pizza,2024-11-01,16:56:42,Completed,916
6960,191,52,Idli Sambar,2025-01-22,11:23:17,Completed,323
6961,59,181,Dal Makhani,2024-12-31,18:50:18,Completed,814
6962,634,68,Burger,2024-07-30,19:39:35,Completed,384
6963,427,78,Chicken Biryani,2023-12-23,20:57:16,Pending,277
6964,636,74,Paneer Tikka,2025-04-02,09:23:44,Pending,463
6965,200,5,Masala Dosa,2023-12-10,15:18:28,Cancelled,509
6966,408,20,Idli Sambar,2024-06-09,13:09:48,Completed,565
6967,397,170,Hakka Noodles,2023-06-25,19:35:10,Completed,272
6968,992,55,Burger,2023-09-19,18:11:55,Cancelled,898
6969,211,11,Pav Bhaji,2024-06-23,19:13:41,Completed,371
6970,145,127,Fish Curry,2023-07-23,19:53:59,Completed,695
6971,599,123,Paneer Butter Masala,2023-01-08,14:39:35,Completed,769
6972,233,97,Paneer Tikka,2023-12-23,17:40:31,Completed,562
6973,460,41,Margherita Pizza,2025-06-18,17:12:22,Completed,935
6974,578,151,Veg Biryani,2024-09-29,11:30:14,Cancelled,640
6975,593,65,Veg Momos,2023-09-24,18:56:38,Completed,383
6976,951,85,Pav Bhaji,2024-08-22,10:06:28,Completed,766
6977,987,139,Dal Makhani,2024-09-13,18:48:31,Completed,141
6978,349,158,Paneer Butter Masala,2025-06-27,21:55:13,Completed,766
6979,628,70,Masala Dosa,2023-12-18,22:28:26,Completed,645
6980,152,7,Chicken Momos,2024-04-15,21:23:17,Completed,269
6981,603,200,Chicken Tikka,2024-06-24,21:41:35,Completed,120
6982,531,32,Chicken Tikka,2024-05-16,14:20:26,Pending,687
6983,984,129,Farmhouse Pizza,2024-12-07,15:49:23,Completed,827
6984,684,102,Veg Biryani,2023-06-14,22:52:29,Completed,399
6985,915,181,Caesar Salad,2025-02-08,10:34:45,Completed,861
6986,913,184,Burger,2023-01-20,22:00:10,Completed,436
6987,323,28,Pav Bhaji,2023-06-27,11:55:28,Completed,718
6988,956,109,Dal Makhani,2024-07-18,09:03:38,Completed,688
6989,519,199,Burger,2023-10-20,17:19:42,Completed,588
6990,164,24,Veg Biryani,2024-10-14,13:56:59,Pending,704
6991,56,89,Farmhouse Pizza,2025-01-25,13:51:05,Completed,763
6992,624,165,Chicken Biryani,2024-08-01,15:52:46,Completed,306
6993,610,68,Chicken Tikka,2025-06-18,19:08:29,Completed,441
6994,775,143,Chicken Tikka,2025-03-11,21:18:26,Completed,891
6995,955,189,Burger,2023-01-02,11:50:31,Completed,573
6996,334,38,Dal Makhani,2023-05-24,12:41:36,Completed,629
6997,985,17,Chole Bhature,2024-11-30,15:15:52,Completed,729
6998,42,63,Chicken Tikka,2023-03-16,22:47:03,Completed,158
6999,909,62,Chicken Biryani,2023-03-06,13:21:09,Completed,774
7000,916,154,Chole Bhature,2024-08-11,19:48:51,Completed,307
7001,300,102,Idli Sambar,2024-04-07,17:12:24,Cancelled,731
7002,818,44,Veg Biryani,2023-06-04,21:28:56,Completed,850
7003,215,102,Pav Bhaji,2023-05-15,21:04:23,Completed,890
7004,715,57,Chole Bhature,2023-08-28,21:58:28,Pending,867
7005,920,100,Dal Makhani,2024-02-20,12:00:17,Completed,767
7006,543,41,Dal Makhani,2023-12-02,21:14:19,Completed,284
7007,909,40,Masala Dosa,2023-02-13,18:20:18,Completed,520
7008,976,148,Pav Bhaji,2025-06-24,18:11:38,Completed,665
7009,547,129,Veg Momos,2024-05-03,19:31:39,Completed,480
7010,60,45,Paneer Butter Masala,2024-02-27,15:59:07,Completed,573
7011,720,114,Hakka Noodles,2023-12-08,18:30:57,Completed,941
7012,765,3,Chicken Biryani,2023-03-07,17:28:45,Completed,785
7013,997,142,Farmhouse Pizza,2023-10-08,17:21:29,Completed,626
7014,564,127,Pav Bhaji,2023-12-22,21:00:08,Completed,738
7015,181,84,Margherita Pizza,2025-05-14,19:32:00,Completed,302
7016,164,104,Hakka Noodles,2025-02-15,12:57:22,Completed,187
7017,652,53,Paneer Tikka,2025-06-18,17:01:52,Completed,919
7018,6,136,Paneer Tikka,2023-08-24,20:45:13,Completed,128
7019,771,55,Hakka Noodles,2024-06-02,14:22:05,Completed,813
7020,728,11,Margherita Pizza,2023-04-15,14:48:53,Completed,837
7021,689,98,Chole Bhature,2024-11-01,21:22:36,Completed,301
7022,354,113,Chole Bhature,2024-11-17,20:37:25,Completed,125
7023,106,121,Veg Momos,2025-02-23,11:00:25,Completed,241
7024,765,174,Idli Sambar,2023-04-10,22:03:12,Cancelled,740
7025,854,171,Paneer Tikka,2024-05-24,09:13:11,Completed,596
7026,18,137,Farmhouse Pizza,2023-12-18,12:05:27,Completed,786
7027,279,28,Chole Bhature,2024-09-17,11:07:55,Completed,496
7028,397,182,Chicken Biryani,2025-01-02,14:05:19,Completed,950
7029,662,177,Chole Bhature,2025-04-15,10:03:51,Completed,170
7030,525,80,Dal Makhani,2024-08-06,20:02:49,Completed,744
7031,923,165,Chicken Biryani,2025-06-01,20:54:26,Completed,348
7032,974,164,Chicken Tikka,2025-04-16,14:02:36,Completed,515
7033,825,175,Hakka Noodles,2023-07-28,13:31:14,Completed,645
7034,62,72,Margherita Pizza,2025-06-09,19:00:09,Completed,619
7035,259,30,Chole Bhature,2023-04-08,21:48:26,Completed,521
7036,127,31,Idli Sambar,2023-07-27,21:32:55,Completed,941
7037,244,36,Butter Chicken,2024-04-05,16:49:49,Cancelled,550
7038,166,10,Chole Bhature,2024-06-22,15:27:02,Completed,837
7039,280,182,Butter Chicken,2025-06-29,21:55:54,Completed,221
7040,326,79,Chicken Momos,2025-05-17,10:00:41,Completed,593
7041,799,127,Veg Biryani,2023-02-15,14:27:03,Completed,156
7042,900,167,Idli Sambar,2024-10-08,09:02:51,Pending,461
7043,403,190,Chicken Biryani,2023-02-18,12:42:05,Pending,891
7044,159,144,Margherita Pizza,2023-03-31,16:55:16,Completed,478
7045,69,131,Idli Sambar,2023-02-08,19:14:36,Completed,525
7046,320,53,Veg Momos,2023-11-27,15:54:11,Completed,153
7047,688,30,Veg Biryani,2023-01-04,13:15:10,Completed,853
7048,134,67,Chicken Biryani,2024-11-03,19:22:55,Completed,530
7049,245,22,Idli Sambar,2024-10-22,22:48:40,Completed,862
7050,325,74,Veg Fried Rice,2023-04-13,17:11:47,Completed,880
7051,770,188,Fish Curry,2023-07-31,19:24:36,Completed,728
7052,708,99,Caesar Salad,2024-06-10,13:36:56,Completed,545
7053,268,104,Caesar Salad,2024-12-12,18:19:23,Completed,731
7054,180,35,Butter Chicken,2024-03-22,11:57:49,Completed,385
7055,643,173,Fish Curry,2023-03-28,14:02:41,Completed,420
7056,251,156,Caesar Salad,2024-03-23,16:39:59,Completed,590
7057,288,42,Veg Fried Rice,2024-05-14,14:45:42,Completed,586
7058,602,43,Veg Momos,2025-04-09,22:03:04,Cancelled,434
7059,215,122,Chicken Tikka,2025-06-02,13:28:41,Completed,256
7060,736,75,Paneer Tikka,2023-03-23,15:55:54,Completed,122
7061,954,139,Veg Biryani,2023-06-21,10:03:24,Completed,608
7062,328,81,Butter Chicken,2024-03-22,19:26:13,Completed,832
7063,590,136,Butter Chicken,2023-01-01,15:54:42,Completed,907
7064,206,32,Dal Makhani,2023-12-23,18:37:47,Completed,234
7065,1000,172,Idli Sambar,2023-06-15,16:38:40,Completed,903
7066,92,60,Chicken Momos,2023-03-26,11:53:30,Completed,412
7067,570,174,Veg Momos,2024-02-22,14:10:38,Completed,532
7068,92,124,Veg Momos,2024-10-18,16:15:35,Completed,507
7069,710,8,Butter Chicken,2023-03-08,09:15:13,Completed,498
7070,135,31,Fish Curry,2024-02-08,13:31:17,Completed,630
7071,811,4,Masala Dosa,2023-03-11,13:25:05,Pending,503
7072,27,89,Margherita Pizza,2025-06-04,16:46:48,Completed,401
7073,86,64,Idli Sambar,2024-06-26,13:05:54,Completed,858
7074,607,53,Chicken Tikka,2023-10-07,13:05:33,Completed,835
7075,567,63,Fish Curry,2023-07-27,11:00:10,Completed,946
7076,843,122,Pav Bhaji,2025-05-21,12:08:11,Cancelled,253
7077,81,33,Butter Chicken,2023-01-11,11:18:12,Completed,699
7078,225,157,Paneer Tikka,2023-09-23,10:26:53,Pending,889
7079,317,124,Paneer Tikka,2025-06-28,19:53:16,Completed,225
7080,272,157,Chicken Tikka,2023-06-29,09:18:42,Cancelled,919
7081,160,135,Pav Bhaji,2023-07-21,18:59:32,Pending,273
7082,350,2,Paneer Tikka,2023-04-10,15:25:41,Completed,825
7083,288,141,Veg Biryani,2023-03-28,18:01:23,Completed,532
7084,851,16,Butter Chicken,2023-09-26,18:16:14,Completed,272
7085,184,130,Idli Sambar,2023-07-13,22:46:11,Pending,921
7086,828,106,Pav Bhaji,2024-12-06,18:40:04,Cancelled,568
7087,680,23,Butter Chicken,2025-03-20,22:21:10,Completed,709
7088,959,80,Fish Curry,2023-03-21,09:13:48,Completed,944
7089,597,162,Idli Sambar,2023-02-21,10:59:45,Completed,772
7090,487,54,Butter Chicken,2024-01-11,15:21:43,Completed,653
7091,63,165,Caesar Salad,2024-06-07,10:46:14,Cancelled,680
7092,916,132,Farmhouse Pizza,2023-12-22,12:44:01,Completed,333
7093,640,178,Chole Bhature,2023-12-17,18:27:19,Completed,613
7094,284,93,Paneer Butter Masala,2023-05-08,19:12:56,Completed,239
7095,150,22,Fish Curry,2024-11-29,14:29:29,Completed,129
7096,620,50,Farmhouse Pizza,2025-03-31,18:58:42,Completed,556
7097,556,66,Paneer Butter Masala,2023-11-05,22:00:41,Completed,170
7098,661,146,Veg Fried Rice,2024-02-18,10:30:02,Completed,725
7099,415,35,Margherita Pizza,2023-08-23,18:39:17,Completed,827
7100,977,131,Pav Bhaji,2024-09-02,21:19:24,Completed,885
7101,103,123,Fish Curry,2024-01-21,21:46:25,Completed,231
7102,514,73,Veg Fried Rice,2023-11-02,22:26:43,Completed,641
7103,222,190,Veg Momos,2025-04-04,18:07:52,Cancelled,626
7104,692,68,Paneer Butter Masala,2023-07-28,19:04:57,Completed,599
7105,139,115,Paneer Tikka,2023-10-23,12:45:30,Completed,914
7106,651,185,Hakka Noodles,2024-05-23,20:44:44,Completed,792
7107,126,126,Pav Bhaji,2025-06-25,19:14:43,Completed,845
7108,104,52,Idli Sambar,2024-08-19,17:55:48,Pending,362
7109,803,69,Chicken Tikka,2024-02-02,19:30:13,Completed,440
7110,339,4,Farmhouse Pizza,2024-06-24,16:16:46,Completed,885
7111,897,11,Paneer Butter Masala,2024-06-11,11:34:55,Completed,941
7112,538,8,Paneer Butter Masala,2024-08-21,14:55:47,Pending,893
7113,290,64,Butter Chicken,2025-01-05,12:54:10,Completed,448
7114,134,182,Caesar Salad,2023-10-09,14:51:28,Completed,254
7115,8,44,Chicken Tikka,2025-05-13,09:30:51,Completed,864
7116,335,55,Hakka Noodles,2025-03-02,15:18:21,Completed,165
7117,528,132,Paneer Butter Masala,2025-01-03,22:35:44,Completed,123
7118,290,28,Paneer Tikka,2025-05-19,17:29:03,Completed,401
7119,435,36,Dal Makhani,2023-05-29,19:24:51,Completed,415
7120,955,11,Chicken Tikka,2025-01-20,13:00:56,Completed,666
7121,281,38,Dal Makhani,2023-04-22,10:15:16,Completed,259
7122,489,76,Paneer Tikka,2024-11-01,18:27:44,Completed,377
7123,716,49,Veg Biryani,2023-02-12,22:04:13,Completed,526
7124,99,197,Dal Makhani,2025-04-22,18:31:39,Completed,204
7125,682,6,Dal Makhani,2024-11-08,16:58:06,Completed,464
7126,664,44,Hakka Noodles,2023-09-19,13:43:21,Completed,636
7127,983,94,Masala Dosa,2023-02-20,17:52:29,Completed,233
7128,760,58,Masala Dosa,2025-04-14,12:54:58,Completed,309
7129,3,192,Pav Bhaji,2024-05-06,09:57:55,Completed,678
7130,827,21,Paneer Tikka,2024-04-23,12:26:07,Completed,708
7131,550,198,Caesar Salad,2024-06-25,11:36:19,Pending,878
7132,411,160,Veg Fried Rice,2024-09-24,11:37:07,Completed,665
7133,568,74,Chole Bhature,2024-05-13,19:24:59,Completed,697
7134,916,104,Veg Momos,2025-04-10,09:57:33,Completed,699
7135,898,70,Chicken Tikka,2023-04-13,13:03:48,Completed,671
7136,499,58,Hakka Noodles,2024-06-18,16:13:14,Completed,505
7137,528,172,Fish Curry,2023-12-02,12:00:51,Completed,190
7138,817,30,Veg Biryani,2023-09-03,17:00:15,Completed,564
7139,899,163,Chicken Biryani,2024-10-19,17:46:52,Completed,867
7140,573,50,Paneer Butter Masala,2023-11-30,19:45:26,Completed,519
7141,459,17,Caesar Salad,2024-08-01,20:26:20,Completed,786
7142,245,76,Veg Momos,2023-11-11,18:58:05,Completed,583
7143,845,99,Pav Bhaji,2023-01-30,16:00:04,Completed,272
7144,676,58,Margherita Pizza,2024-01-12,20:43:06,Completed,302
7145,920,21,Chicken Momos,2024-03-31,12:29:52,Pending,854
7146,11,92,Idli Sambar,2023-12-28,11:09:40,Completed,511
7147,409,107,Veg Momos,2024-06-21,09:23:13,Completed,838
7148,518,83,Fish Curry,2024-09-22,16:16:44,Completed,513
7149,720,200,Idli Sambar,2024-05-18,15:21:43,Completed,186
7150,335,89,Butter Chicken,2023-05-08,17:18:57,Completed,865
7151,165,107,Hakka Noodles,2023-05-22,10:52:04,Completed,824
7152,30,198,Chicken Momos,2023-08-30,22:35:42,Completed,386
7153,657,6,Chicken Momos,2023-08-17,09:10:56,Completed,507
7154,507,32,Paneer Tikka,2023-04-30,21:53:25,Completed,253
7155,528,50,Chicken Tikka,2024-05-10,09:23:55,Completed,194
7156,506,67,Idli Sambar,2024-04-15,19:26:56,Completed,497
7157,956,9,Dal Makhani,2023-02-11,15:52:59,Completed,532
7158,784,2,Fish Curry,2023-10-22,17:11:21,Pending,874
7159,36,35,Chicken Biryani,2025-03-19,17:11:19,Completed,153
7160,944,35,Burger,2023-04-28,13:13:03,Completed,359
7161,426,25,Caesar Salad,2023-11-28,10:30:15,Completed,586
7162,410,5,Paneer Butter Masala,2023-12-21,12:25:38,Completed,579
7163,448,147,Veg Biryani,2025-06-30,11:22:00,Completed,235
7164,444,139,Masala Dosa,2023-02-05,19:59:48,Pending,606
7165,658,145,Masala Dosa,2023-11-18,17:32:29,Completed,176
7166,569,161,Caesar Salad,2023-04-12,19:05:32,Completed,406
7167,472,62,Dal Makhani,2024-09-01,18:36:13,Completed,884
7168,883,174,Fish Curry,2023-05-20,16:32:53,Completed,435
7169,211,156,Burger,2023-05-15,16:06:10,Completed,691
7170,807,62,Chicken Tikka,2023-08-30,15:10:49,Completed,378
7171,363,3,Paneer Butter Masala,2024-11-09,13:28:28,Completed,327
7172,728,11,Idli Sambar,2023-08-10,10:00:14,Completed,304
7173,125,45,Hakka Noodles,2023-04-11,18:03:30,Cancelled,166
7174,704,191,Veg Biryani,2024-07-26,11:46:49,Completed,132
7175,70,99,Hakka Noodles,2023-04-07,22:57:16,Pending,893
7176,237,176,Chole Bhature,2024-06-27,16:25:09,Completed,450
7177,463,88,Paneer Tikka,2025-04-11,09:58:09,Completed,210
7178,445,3,Farmhouse Pizza,2023-08-10,16:37:07,Completed,869
7179,682,87,Burger,2023-06-21,11:24:37,Completed,362
7180,235,95,Veg Fried Rice,2023-12-09,11:29:11,Completed,335
7181,344,4,Dal Makhani,2023-09-05,22:36:39,Completed,793
7182,637,57,Butter Chicken,2023-03-29,19:37:47,Completed,733
7183,195,133,Burger,2023-10-12,20:39:18,Completed,770
7184,988,63,Veg Fried Rice,2023-08-30,10:41:56,Completed,484
7185,326,163,Margherita Pizza,2023-03-15,09:02:00,Cancelled,407
7186,640,110,Veg Fried Rice,2023-02-12,10:32:05,Completed,525
7187,379,92,Paneer Butter Masala,2024-06-22,16:38:16,Completed,252
7188,766,167,Veg Biryani,2025-02-03,17:49:24,Completed,295
7189,133,16,Farmhouse Pizza,2023-06-08,20:19:45,Completed,933
7190,418,176,Caesar Salad,2025-02-03,12:45:58,Cancelled,586
7191,120,74,Veg Fried Rice,2025-04-14,17:28:04,Completed,527
7192,210,67,Veg Biryani,2023-07-01,13:33:41,Completed,230
7193,810,174,Burger,2025-05-23,20:31:24,Completed,262
7194,512,115,Hakka Noodles,2024-03-12,21:10:52,Pending,415
7195,334,121,Idli Sambar,2025-03-14,20:49:17,Completed,230
7196,642,182,Veg Momos,2023-01-27,11:08:04,Completed,696
7197,273,173,Veg Biryani,2024-02-02,22:47:04,Completed,795
7198,131,1,Idli Sambar,2023-05-03,18:33:27,Completed,497
7199,971,131,Idli Sambar,2024-11-07,19:45:07,Completed,340
7200,695,20,Butter Chicken,2025-06-08,17:53:18,Completed,308
7201,887,73,Dal Makhani,2023-10-31,13:06:28,Completed,753
7202,907,65,Hakka Noodles,2023-10-28,15:18:38,Completed,317
7203,401,41,Paneer Tikka,2023-04-03,18:34:36,Completed,878
7204,1000,33,Hakka Noodles,2025-03-29,22:42:12,Completed,549
7205,511,36,Burger,2023-07-10,14:42:26,Cancelled,137
7206,405,156,Dal Makhani,2024-08-23,17:29:36,Completed,708
7207,914,85,Butter Chicken,2025-03-13,14:25:41,Completed,554
7208,283,120,Veg Biryani,2023-11-04,10:20:37,Completed,390
7209,831,160,Paneer Tikka,2023-07-19,16:21:19,Completed,742
7210,2,101,Hakka Noodles,2024-08-26,09:40:44,Completed,698
7211,51,189,Paneer Tikka,2023-03-01,09:13:17,Completed,372
7212,403,46,Chole Bhature,2023-05-08,11:18:55,Completed,799
7213,331,37,Veg Fried Rice,2023-01-08,12:48:27,Completed,726
7214,801,93,Fish Curry,2025-01-21,17:43:21,Completed,599
7215,791,98,Hakka Noodles,2023-05-31,17:17:22,Completed,772
7216,803,98,Burger,2025-02-11,09:11:28,Completed,601
7217,199,80,Butter Chicken,2023-03-10,18:13:58,Completed,349
7218,187,143,Farmhouse Pizza,2025-06-09,10:29:01,Completed,701
7219,443,144,Dal Makhani,2023-12-15,17:20:54,Completed,601
7220,107,61,Margherita Pizza,2023-11-25,12:14:32,Completed,672
7221,12,135,Farmhouse Pizza,2024-08-23,12:11:13,Completed,934
7222,69,159,Butter Chicken,2024-06-11,22:25:00,Completed,579
7223,877,146,Dal Makhani,2023-06-25,22:46:21,Cancelled,300
7224,836,63,Paneer Butter Masala,2023-03-02,11:03:00,Cancelled,908
7225,731,29,Paneer Butter Masala,2023-12-07,20:35:02,Pending,356
7226,206,7,Pav Bhaji,2025-02-04,11:46:22,Completed,150
7227,719,96,Veg Biryani,2024-04-09,21:35:33,Cancelled,835
7228,752,178,Chicken Biryani,2023-04-01,16:37:27,Completed,676
7229,833,4,Butter Chicken,2025-02-24,21:27:44,Completed,316
7230,442,54,Chicken Tikka,2024-11-16,10:53:27,Completed,199
7231,662,54,Pav Bhaji,2025-05-24,09:23:52,Completed,505
7232,161,155,Chole Bhature,2024-11-15,19:44:37,Completed,899
7233,571,133,Hakka Noodles,2024-12-22,15:59:24,Completed,903
7234,162,82,Margherita Pizza,2025-06-11,19:29:38,Pending,412
7235,316,1,Chicken Biryani,2023-06-30,17:18:58,Completed,463
7236,896,174,Fish Curry,2024-09-23,22:04:12,Completed,802
7237,456,91,Paneer Tikka,2024-09-19,10:32:41,Completed,159
7238,929,31,Burger,2025-02-15,18:42:54,Completed,744
7239,590,89,Masala Dosa,2023-10-02,20:16:05,Completed,924
7240,895,4,Chicken Momos,2024-01-21,09:21:12,Completed,779
7241,370,12,Chicken Biryani,2023-08-20,19:51:00,Completed,658
7242,549,12,Burger,2024-10-16,18:12:31,Pending,609
7243,218,71,Veg Fried Rice,2024-08-19,20:36:18,Completed,208
7244,68,163,Paneer Tikka,2023-04-17,09:21:11,Completed,196
7245,111,169,Veg Fried Rice,2024-05-17,19:13:19,Cancelled,288
7246,450,7,Chicken Biryani,2023-01-05,21:46:54,Completed,799
7247,979,101,Veg Biryani,2024-01-22,22:03:15,Completed,159
7248,115,192,Hakka Noodles,2024-01-05,15:08:56,Completed,440
7249,852,8,Paneer Butter Masala,2023-08-22,13:55:56,Completed,366
7250,469,199,Dal Makhani,2023-06-17,15:25:49,Pending,888
7251,272,146,Veg Momos,2023-10-17,22:31:30,Completed,789
7252,630,39,Burger,2025-05-27,09:22:03,Completed,756
7253,538,98,Veg Fried Rice,2024-03-02,14:31:10,Completed,724
7254,523,109,Idli Sambar,2023-03-03,11:05:41,Completed,491
7255,487,47,Hakka Noodles,2023-10-26,12:02:45,Completed,509
7256,88,31,Chicken Tikka,2024-05-01,12:57:03,Completed,627
7257,594,78,Butter Chicken,2023-05-26,16:32:50,Completed,728
7258,521,107,Dal Makhani,2024-01-06,17:56:52,Completed,703
7259,429,27,Chicken Biryani,2023-09-08,13:14:13,Completed,171
7260,145,156,Paneer Tikka,2024-05-13,20:02:03,Cancelled,322
7261,741,104,Hakka Noodles,2023-01-05,13:48:05,Completed,434
7262,879,55,Fish Curry,2024-03-19,09:57:47,Completed,811
7263,368,164,Pav Bhaji,2025-06-29,14:34:56,Completed,331
7264,606,49,Caesar Salad,2025-03-03,21:01:30,Completed,433
7265,931,138,Hakka Noodles,2023-01-15,10:15:06,Completed,815
7266,638,191,Burger,2024-10-26,14:09:49,Completed,686
7267,518,116,Masala Dosa,2024-11-02,17:34:47,Pending,944
7268,507,180,Burger,2023-11-01,10:57:42,Completed,528
7269,137,162,Chicken Biryani,2025-01-14,18:39:34,Completed,839
7270,795,48,Fish Curry,2025-06-23,20:05:09,Completed,260
7271,595,121,Fish Curry,2024-02-08,19:16:50,Completed,135
7272,690,193,Fish Curry,2023-08-01,15:50:05,Completed,436
7273,903,110,Idli Sambar,2025-03-27,14:09:07,Completed,663
7274,549,47,Dal Makhani,2023-05-15,20:33:16,Completed,327
7275,333,151,Pav Bhaji,2024-12-11,16:42:55,Completed,918
7276,840,101,Idli Sambar,2025-05-06,16:00:37,Completed,870
7277,386,125,Farmhouse Pizza,2023-10-15,13:33:40,Completed,722
7278,224,178,Veg Momos,2024-06-20,09:25:59,Cancelled,543
7279,967,114,Fish Curry,2024-06-13,11:54:36,Completed,241
7280,136,9,Chicken Biryani,2024-08-30,22:14:03,Completed,433
7281,373,22,Veg Fried Rice,2023-12-30,21:53:31,Completed,422
7282,777,66,Margherita Pizza,2023-11-17,10:54:44,Completed,255
7283,344,58,Farmhouse Pizza,2024-07-01,14:55:43,Completed,929
7284,220,96,Fish Curry,2024-02-19,12:28:49,Completed,523
7285,977,89,Pav Bhaji,2024-02-15,19:13:37,Completed,797
7286,375,49,Burger,2025-01-27,19:12:04,Completed,833
7287,444,80,Veg Fried Rice,2024-01-27,18:14:11,Completed,381
7288,13,45,Hakka Noodles,2025-01-28,16:59:06,Completed,646
7289,92,84,Paneer Butter Masala,2024-10-05,20:57:55,Completed,254
7290,918,130,Caesar Salad,2023-08-07,17:04:14,Completed,763
7291,103,194,Pav Bhaji,2024-06-24,18:35:50,Completed,532
7292,563,131,Farmhouse Pizza,2023-12-08,21:44:58,Completed,718
7293,604,200,Fish Curry,2023-03-25,14:50:12,Completed,689
7294,663,73,Masala Dosa,2023-10-04,09:15:27,Completed,148
7295,426,133,Chole Bhature,2024-07-01,12:51:49,Completed,335
7296,670,126,Veg Biryani,2024-06-28,16:50:36,Pending,918
7297,338,81,Paneer Butter Masala,2023-06-05,15:59:12,Completed,245
7298,857,130,Paneer Tikka,2023-06-13,09:41:51,Completed,310
7299,725,151,Farmhouse Pizza,2023-01-04,10:03:21,Completed,715
7300,743,200,Burger,2024-09-30,15:38:59,Completed,435
7301,956,35,Fish Curry,2025-05-15,13:03:36,Completed,400
7302,207,7,Veg Momos,2024-08-10,20:02:50,Cancelled,773
7303,849,7,Veg Fried Rice,2024-05-31,22:13:02,Completed,926
7304,207,122,Farmhouse Pizza,2023-05-13,17:47:19,Completed,496
7305,824,30,Idli Sambar,2024-01-22,15:01:23,Completed,527
7306,810,111,Paneer Butter Masala,2025-05-19,10:33:20,Completed,310
7307,886,163,Farmhouse Pizza,2024-02-09,19:33:59,Completed,325
7308,240,38,Hakka Noodles,2023-07-31,11:33:43,Cancelled,642
7309,764,133,Chicken Tikka,2023-05-13,21:08:25,Completed,618
7310,704,2,Chicken Biryani,2023-03-23,10:03:51,Completed,763
7311,396,65,Margherita Pizza,2024-08-30,17:18:44,Completed,465
7312,887,53,Chicken Tikka,2024-03-01,10:56:26,Completed,531
7313,61,74,Idli Sambar,2024-02-12,17:20:01,Completed,693
7314,867,91,Veg Fried Rice,2025-06-01,09:08:21,Completed,719
7315,118,37,Dal Makhani,2024-07-10,12:35:03,Pending,606
7316,262,170,Paneer Tikka,2023-07-28,22:39:51,Completed,642
7317,443,119,Chicken Momos,2024-04-25,15:58:59,Completed,446
7318,922,16,Pav Bhaji,2023-01-10,12:48:49,Completed,750
7319,294,22,Chicken Momos,2024-08-24,09:33:35,Completed,248
7320,280,61,Chicken Tikka,2023-04-07,13:07:40,Completed,509
7321,689,78,Chicken Tikka,2023-12-27,10:32:53,Completed,384
7322,942,74,Hakka Noodles,2024-10-19,20:01:17,Completed,881
7323,594,192,Masala Dosa,2024-09-24,17:25:18,Completed,345
7324,444,159,Paneer Tikka,2023-12-05,19:17:32,Completed,462
7325,632,25,Burger,2023-12-09,09:05:47,Completed,682
7326,545,166,Hakka Noodles,2023-01-20,20:26:05,Completed,814
7327,544,66,Chole Bhature,2024-11-16,16:43:13,Completed,848
7328,315,109,Masala Dosa,2023-10-14,09:00:03,Cancelled,330
7329,654,81,Veg Fried Rice,2023-12-02,20:21:18,Completed,261
7330,353,129,Chole Bhature,2024-07-01,09:31:41,Completed,770
7331,395,3,Chicken Tikka,2024-06-30,09:32:38,Completed,468
7332,181,122,Veg Momos,2025-06-02,14:12:12,Completed,200
7333,897,195,Veg Fried Rice,2024-05-14,16:05:28,Completed,349
7334,238,153,Veg Biryani,2025-01-28,22:49:46,Completed,184
7335,758,85,Chicken Momos,2023-07-18,10:39:28,Completed,873
7336,596,67,Hakka Noodles,2024-08-22,10:22:25,Completed,733
7337,583,133,Farmhouse Pizza,2024-06-17,20:56:33,Completed,355
7338,973,155,Margherita Pizza,2023-08-24,17:25:05,Pending,571
7339,903,105,Paneer Butter Masala,2024-03-25,18:31:12,Completed,337
7340,256,96,Fish Curry,2023-11-22,10:50:07,Completed,275
7341,713,126,Caesar Salad,2024-06-29,18:21:05,Completed,797
7342,143,52,Pav Bhaji,2023-02-05,16:53:05,Completed,914
7343,756,169,Caesar Salad,2025-04-26,19:41:46,Completed,789
7344,361,69,Veg Fried Rice,2023-11-26,16:48:47,Completed,634
7345,215,101,Paneer Tikka,2023-11-12,21:41:43,Completed,645
7346,712,114,Farmhouse Pizza,2024-02-12,18:31:36,Completed,216
7347,531,54,Paneer Tikka,2024-07-08,16:13:15,Completed,423
7348,109,177,Burger,2023-03-19,17:20:29,Completed,132
7349,551,18,Farmhouse Pizza,2024-03-24,22:37:04,Completed,276
7350,877,126,Veg Biryani,2024-01-07,18:08:46,Completed,901
7351,338,11,Burger,2024-11-04,19:51:58,Completed,855
7352,39,199,Veg Momos,2023-11-19,10:42:31,Completed,912
7353,127,82,Paneer Butter Masala,2023-05-15,12:39:09,Pending,388
7354,446,24,Chicken Tikka,2023-11-22,15:00:06,Completed,381
7355,304,112,Margherita Pizza,2024-01-15,13:18:45,Completed,597
7356,535,105,Idli Sambar,2024-02-03,13:39:46,Completed,458
7357,280,105,Margherita Pizza,2024-04-01,13:13:47,Completed,448
7358,885,137,Paneer Butter Masala,2024-09-21,21:21:04,Completed,543
7359,710,144,Chicken Biryani,2023-01-10,17:19:18,Completed,474
7360,962,133,Idli Sambar,2023-10-26,11:42:37,Completed,756
7361,679,76,Veg Momos,2024-04-09,12:20:22,Completed,526
7362,253,161,Farmhouse Pizza,2023-08-01,22:15:59,Completed,275
7363,580,26,Farmhouse Pizza,2023-10-04,15:56:18,Completed,186
7364,498,49,Farmhouse Pizza,2023-11-13,21:40:00,Completed,676
7365,832,134,Pav Bhaji,2023-07-25,10:55:15,Completed,262
7366,235,59,Dal Makhani,2025-04-25,11:32:38,Completed,503
7367,774,181,Paneer Butter Masala,2024-01-21,20:32:00,Completed,221
7368,154,47,Chicken Tikka,2024-10-01,12:28:49,Completed,927
7369,229,131,Caesar Salad,2023-12-25,18:31:52,Completed,256
7370,646,68,Dal Makhani,2023-09-14,13:34:30,Completed,257
7371,61,86,Farmhouse Pizza,2025-01-05,14:06:50,Completed,712
7372,503,24,Veg Fried Rice,2024-07-26,10:58:51,Cancelled,638
7373,4,159,Idli Sambar,2025-06-27,20:56:13,Completed,407
7374,688,14,Chicken Tikka,2024-07-13,20:56:38,Completed,433
7375,618,174,Veg Momos,2023-03-03,20:26:07,Completed,550
7376,281,46,Idli Sambar,2024-02-21,19:06:01,Pending,328
7377,665,17,Butter Chicken,2024-05-19,09:45:41,Completed,907
7378,508,34,Veg Biryani,2023-10-26,18:22:15,Completed,277
7379,370,96,Paneer Butter Masala,2024-08-19,17:30:15,Completed,363
7380,525,125,Paneer Tikka,2025-06-02,21:28:05,Completed,647
7381,768,129,Farmhouse Pizza,2025-04-22,09:07:59,Completed,669
7382,745,151,Hakka Noodles,2025-02-13,13:54:24,Completed,146
7383,75,115,Hakka Noodles,2023-09-05,13:12:55,Completed,555
7384,554,125,Chicken Momos,2024-07-28,13:33:25,Completed,656
7385,342,96,Caesar Salad,2025-02-23,14:50:58,Completed,236
7386,523,105,Farmhouse Pizza,2024-08-13,10:53:41,Completed,158
7387,569,54,Paneer Butter Masala,2023-01-26,12:49:27,Completed,232
7388,878,145,Paneer Tikka,2024-11-05,10:29:34,Completed,461
7389,394,129,Margherita Pizza,2024-12-06,11:41:12,Completed,169
7390,996,45,Burger,2023-12-12,18:51:19,Completed,338
7391,822,186,Veg Fried Rice,2023-09-21,18:44:17,Completed,610
7392,93,44,Butter Chicken,2025-01-05,19:18:30,Completed,347
7393,466,131,Chicken Tikka,2023-01-29,16:48:29,Completed,532
7394,242,162,Fish Curry,2023-12-13,18:34:38,Completed,312
7395,997,81,Veg Biryani,2024-08-21,18:39:57,Completed,523
7396,878,110,Pav Bhaji,2023-03-05,19:11:04,Cancelled,263
7397,357,15,Veg Fried Rice,2024-06-10,17:29:28,Completed,771
7398,695,111,Hakka Noodles,2023-02-23,18:48:13,Completed,946
7399,630,73,Margherita Pizza,2023-08-20,15:26:24,Completed,724
7400,573,137,Idli Sambar,2024-02-24,17:53:14,Completed,740
7401,795,26,Chicken Biryani,2023-06-15,18:48:03,Completed,658
7402,656,41,Chicken Biryani,2023-12-02,22:00:47,Completed,415
7403,533,103,Veg Fried Rice,2023-09-28,11:57:00,Cancelled,712
7404,933,126,Margherita Pizza,2024-10-26,09:52:13,Completed,614
7405,507,30,Paneer Butter Masala,2024-01-09,16:46:02,Completed,366
7406,142,173,Fish Curry,2024-09-23,21:53:41,Completed,518
7407,843,38,Veg Momos,2024-12-15,16:57:51,Completed,915
7408,342,168,Chole Bhature,2023-03-16,20:12:38,Completed,484
7409,234,124,Veg Momos,2025-02-08,18:43:44,Completed,890
7410,750,26,Chole Bhature,2025-06-13,19:27:06,Completed,387
7411,237,131,Chole Bhature,2023-01-16,21:55:20,Completed,423
7412,315,20,Chicken Tikka,2023-12-24,15:27:38,Completed,396
7413,121,183,Burger,2025-04-17,15:31:50,Completed,883
7414,739,122,Dal Makhani,2024-04-02,20:06:25,Cancelled,682
7415,294,155,Butter Chicken,2023-01-16,11:24:54,Pending,579
7416,185,110,Caesar Salad,2024-06-20,11:29:34,Completed,819
7417,219,57,Hakka Noodles,2025-03-29,14:20:04,Completed,324
7418,241,104,Burger,2024-08-30,11:24:41,Completed,215
7419,852,85,Butter Chicken,2024-03-16,10:39:03,Pending,688
7420,719,69,Caesar Salad,2023-08-31,15:55:02,Completed,370
7421,302,77,Margherita Pizza,2025-01-10,15:29:56,Completed,606
7422,796,98,Chicken Tikka,2023-04-12,16:50:40,Completed,710
7423,852,38,Veg Momos,2025-05-29,09:33:12,Completed,161
7424,693,116,Veg Biryani,2023-04-01,16:56:09,Completed,891
7425,473,97,Veg Fried Rice,2024-02-17,22:42:13,Cancelled,864
7426,405,96,Veg Momos,2025-05-22,21:14:59,Completed,615
7427,67,160,Veg Fried Rice,2023-06-03,15:43:54,Completed,317
7428,191,72,Margherita Pizza,2024-07-07,22:55:06,Completed,375
7429,114,182,Masala Dosa,2025-05-13,17:37:25,Completed,546
7430,207,16,Dal Makhani,2024-09-09,16:41:43,Completed,459
7431,63,191,Margherita Pizza,2023-05-09,22:09:56,Completed,695
7432,732,187,Veg Biryani,2024-06-26,18:22:00,Completed,170
7433,462,132,Veg Fried Rice,2024-09-08,11:07:13,Completed,437
7434,824,50,Idli Sambar,2023-03-02,18:12:34,Completed,560
7435,92,43,Idli Sambar,2023-10-27,16:26:31,Completed,377
7436,676,183,Chole Bhature,2023-03-15,15:17:53,Completed,639
7437,81,155,Veg Momos,2024-09-06,18:11:01,Completed,446
7438,912,198,Chicken Momos,2023-02-05,21:38:15,Cancelled,511
7439,896,59,Veg Biryani,2023-06-04,10:52:19,Completed,449
7440,598,120,Hakka Noodles,2024-11-26,18:10:20,Completed,634
7441,616,44,Farmhouse Pizza,2025-06-06,09:57:34,Completed,890
7442,694,174,Chicken Tikka,2025-01-17,13:08:56,Completed,940
7443,678,168,Chole Bhature,2024-08-10,20:22:59,Completed,440
7444,276,72,Veg Fried Rice,2024-10-18,22:55:13,Completed,421
7445,608,15,Dal Makhani,2023-09-09,20:35:56,Completed,121
7446,980,77,Fish Curry,2024-04-08,15:59:17,Completed,745
7447,186,198,Veg Momos,2024-04-03,11:28:43,Completed,916
7448,771,2,Paneer Butter Masala,2023-10-06,10:31:47,Completed,921
7449,966,109,Dal Makhani,2023-02-16,20:31:11,Completed,364
7450,973,115,Chicken Tikka,2023-02-08,20:43:42,Completed,789
7451,619,135,Paneer Tikka,2023-11-08,12:11:50,Completed,194
7452,72,185,Idli Sambar,2025-02-03,21:30:58,Completed,131
7453,932,183,Masala Dosa,2024-06-16,21:46:25,Completed,930
7454,856,164,Margherita Pizza,2024-04-21,10:30:18,Completed,931
7455,8,60,Butter Chicken,2023-04-06,10:26:15,Completed,338
7456,52,113,Masala Dosa,2023-05-24,19:37:51,Completed,468
7457,463,181,Chicken Tikka,2023-03-26,11:19:34,Completed,948
7458,205,87,Chicken Biryani,2025-03-13,10:51:31,Completed,266
7459,588,43,Fish Curry,2025-03-26,22:47:50,Completed,770
7460,343,125,Butter Chicken,2024-01-07,20:28:49,Completed,271
7461,228,125,Butter Chicken,2025-06-23,21:41:51,Pending,667
7462,538,1,Veg Momos,2023-05-03,22:53:33,Cancelled,474
7463,241,147,Butter Chicken,2023-01-03,17:35:27,Cancelled,573
7464,966,131,Dal Makhani,2025-01-20,13:45:10,Pending,158
7465,479,70,Paneer Butter Masala,2024-02-05,10:45:57,Completed,683
7466,2,41,Farmhouse Pizza,2024-02-10,21:15:12,Completed,317
7467,996,6,Veg Fried Rice,2025-06-04,20:31:28,Completed,493
7468,556,171,Farmhouse Pizza,2024-12-29,10:38:54,Completed,616
7469,581,72,Butter Chicken,2025-01-17,19:51:48,Completed,349
7470,705,129,Chicken Tikka,2024-08-13,19:44:55,Cancelled,193
7471,469,92,Chicken Biryani,2025-04-14,22:11:55,Pending,770
7472,276,64,Chicken Biryani,2024-03-31,15:35:27,Completed,857
7473,460,169,Chicken Momos,2023-10-05,12:09:36,Completed,651
7474,808,72,Masala Dosa,2023-09-03,12:44:32,Completed,311
7475,724,80,Veg Biryani,2024-09-20,16:36:24,Completed,134
7476,297,55,Butter Chicken,2024-01-06,10:48:30,Completed,197
7477,976,181,Chole Bhature,2024-11-13,13:58:23,Completed,355
7478,209,171,Farmhouse Pizza,2024-11-25,17:08:53,Completed,163
7479,547,72,Chole Bhature,2025-03-31,14:30:25,Completed,428
7480,351,93,Burger,2024-07-12,09:58:57,Completed,122
7481,452,136,Dal Makhani,2025-03-05,10:31:55,Completed,696
7482,255,84,Veg Fried Rice,2024-03-23,11:21:36,Completed,302
7483,509,136,Dal Makhani,2023-08-18,14:37:16,Completed,815
7484,340,60,Chicken Momos,2023-04-22,16:06:52,Completed,746
7485,939,25,Veg Biryani,2025-02-16,20:51:45,Completed,836
7486,372,172,Fish Curry,2024-12-10,15:49:07,Completed,808
7487,886,182,Hakka Noodles,2023-11-05,19:14:44,Completed,189
7488,937,94,Butter Chicken,2023-10-02,16:41:56,Completed,645
7489,784,56,Burger,2024-11-18,17:50:56,Completed,662
7490,896,98,Masala Dosa,2023-05-28,21:05:12,Completed,145
7491,154,27,Chole Bhature,2023-03-22,18:26:37,Completed,261
7492,981,30,Veg Fried Rice,2023-05-20,22:49:19,Completed,548
7493,865,12,Butter Chicken,2025-06-11,20:32:34,Completed,561
7494,418,7,Veg Momos,2023-01-27,14:15:08,Completed,306
7495,366,74,Paneer Butter Masala,2024-04-21,17:47:53,Completed,759
7496,196,121,Caesar Salad,2023-06-08,22:29:51,Completed,136
7497,641,118,Chicken Momos,2024-02-12,15:14:03,Completed,272
7498,742,4,Farmhouse Pizza,2023-04-26,13:14:54,Completed,483
7499,927,21,Idli Sambar,2024-12-05,11:00:12,Completed,319
7500,950,81,Farmhouse Pizza,2023-02-12,14:44:43,Completed,760
7501,376,134,Margherita Pizza,2024-05-07,14:54:51,Completed,750
7502,176,41,Chicken Momos,2025-05-02,14:11:22,Completed,431
7503,807,109,Paneer Butter Masala,2023-09-08,12:28:25,Completed,619
7504,376,98,Masala Dosa,2024-06-05,19:09:44,Cancelled,230
7505,893,166,Hakka Noodles,2025-05-16,12:17:05,Completed,640
7506,914,82,Chicken Biryani,2025-02-20,17:38:08,Completed,226
7507,496,21,Dal Makhani,2023-06-13,09:51:25,Completed,771
7508,509,110,Farmhouse Pizza,2023-10-13,22:18:20,Completed,903
7509,829,65,Farmhouse Pizza,2025-03-04,21:54:01,Completed,278
7510,637,113,Chole Bhature,2023-05-24,09:43:19,Completed,942
7511,614,36,Chole Bhature,2023-06-25,22:04:14,Completed,457
7512,772,152,Chicken Tikka,2023-01-17,09:10:12,Completed,595
7513,224,11,Idli Sambar,2023-08-16,19:07:11,Completed,223
7514,521,21,Dal Makhani,2023-07-04,16:56:35,Completed,225
7515,48,104,Paneer Butter Masala,2023-09-29,18:05:04,Completed,418
7516,182,163,Chole Bhature,2023-07-06,17:18:51,Completed,155
7517,940,65,Masala Dosa,2023-03-29,13:59:49,Completed,714
7518,442,59,Chicken Momos,2024-06-15,12:31:02,Completed,121
7519,757,131,Chicken Momos,2024-12-29,22:11:26,Completed,907
7520,27,107,Paneer Butter Masala,2023-11-14,19:07:14,Completed,867
7521,59,94,Hakka Noodles,2025-03-22,17:38:39,Completed,142
7522,341,173,Margherita Pizza,2023-10-15,11:51:17,Pending,896
7523,734,131,Veg Fried Rice,2023-05-31,15:44:26,Cancelled,725
7524,906,143,Burger,2023-06-11,13:57:56,Completed,583
7525,213,176,Fish Curry,2023-06-09,20:52:49,Completed,868
7526,808,172,Fish Curry,2024-03-23,17:58:44,Completed,229
7527,310,82,Burger,2024-04-22,22:12:54,Pending,547
7528,102,174,Chole Bhature,2025-01-04,18:24:16,Completed,155
7529,86,99,Paneer Butter Masala,2024-01-03,22:48:28,Completed,371
7530,547,172,Masala Dosa,2023-11-24,20:25:13,Completed,466
7531,464,2,Margherita Pizza,2023-10-08,22:58:54,Pending,487
7532,26,57,Veg Fried Rice,2024-11-27,21:45:02,Completed,305
7533,245,46,Paneer Tikka,2023-01-06,18:44:50,Completed,646
7534,252,195,Pav Bhaji,2024-09-03,19:44:34,Completed,504
7535,877,90,Chicken Tikka,2023-10-10,09:44:49,Completed,334
7536,725,100,Dal Makhani,2023-07-26,14:38:11,Completed,700
7537,160,17,Farmhouse Pizza,2025-05-17,15:23:54,Completed,138
7538,520,15,Paneer Tikka,2025-04-01,09:43:23,Completed,463
7539,537,105,Idli Sambar,2024-08-27,10:19:07,Completed,808
7540,263,20,Fish Curry,2023-04-07,21:56:06,Completed,690
7541,454,74,Masala Dosa,2023-11-14,14:07:23,Completed,916
7542,625,156,Chole Bhature,2023-12-05,10:01:51,Cancelled,452
7543,904,173,Burger,2025-03-22,16:11:28,Completed,634
7544,617,103,Hakka Noodles,2023-06-10,20:05:18,Completed,716
7545,818,45,Idli Sambar,2025-04-02,18:26:41,Completed,514
7546,979,196,Dal Makhani,2023-06-06,15:57:39,Pending,817
7547,921,63,Chicken Biryani,2025-06-22,14:49:06,Completed,222
7548,908,25,Butter Chicken,2025-03-29,18:16:13,Completed,310
7549,630,119,Chicken Momos,2024-11-05,10:54:20,Completed,205
7550,761,31,Dal Makhani,2024-02-26,18:21:23,Completed,658
7551,166,19,Veg Fried Rice,2023-09-16,13:52:10,Pending,260
7552,335,113,Chole Bhature,2024-02-11,17:14:33,Completed,756
7553,654,124,Veg Fried Rice,2023-05-01,17:50:28,Completed,659
7554,714,120,Margherita Pizza,2024-02-19,12:10:07,Completed,634
7555,456,166,Butter Chicken,2025-01-30,18:04:08,Cancelled,797
7556,420,167,Veg Biryani,2023-02-28,09:01:38,Completed,565
7557,495,125,Pav Bhaji,2025-06-03,12:22:55,Completed,679
7558,332,199,Idli Sambar,2023-12-28,19:45:42,Completed,657
7559,666,82,Hakka Noodles,2024-01-27,13:22:51,Completed,597
7560,340,171,Masala Dosa,2024-02-14,16:37:25,Completed,221
7561,817,155,Veg Fried Rice,2023-03-28,21:45:34,Completed,160
7562,371,191,Farmhouse Pizza,2025-05-17,09:05:07,Completed,470
7563,106,178,Chicken Momos,2024-04-09,15:18:55,Cancelled,416
7564,226,24,Burger,2024-08-21,14:16:16,Completed,342
7565,249,146,Veg Biryani,2024-05-05,22:10:33,Completed,233
7566,229,123,Farmhouse Pizza,2023-08-27,13:40:56,Completed,443
7567,209,7,Chicken Tikka,2025-06-14,16:49:14,Completed,798
7568,503,163,Chole Bhature,2024-04-02,12:34:34,Completed,587
7569,818,77,Veg Biryani,2025-01-27,19:22:39,Completed,763
7570,904,67,Idli Sambar,2024-08-06,12:07:00,Completed,234
7571,720,200,Chicken Tikka,2025-06-22,22:38:12,Completed,767
7572,166,121,Butter Chicken,2025-01-19,17:07:03,Completed,704
7573,469,163,Butter Chicken,2023-09-24,13:33:04,Completed,530
7574,96,143,Fish Curry,2023-04-18,10:14:23,Completed,791
7575,833,19,Veg Biryani,2023-10-12,19:16:24,Completed,555
7576,957,193,Butter Chicken,2023-05-09,17:57:58,Completed,451
7577,487,197,Burger,2023-05-11,21:41:07,Completed,325
7578,921,119,Idli Sambar,2023-05-13,09:33:26,Completed,230
7579,606,124,Veg Momos,2024-11-10,14:33:18,Completed,922
7580,273,114,Veg Biryani,2023-12-04,20:26:02,Completed,233
7581,456,71,Farmhouse Pizza,2024-01-06,20:29:33,Completed,324
7582,146,125,Idli Sambar,2023-03-10,16:08:18,Completed,832
7583,603,94,Dal Makhani,2024-05-05,15:18:34,Cancelled,214
7584,478,8,Butter Chicken,2024-03-15,11:19:09,Completed,270
7585,838,42,Farmhouse Pizza,2025-01-15,11:35:18,Completed,375
7586,114,69,Chicken Tikka,2023-04-30,22:48:49,Completed,935
7587,951,193,Chicken Tikka,2023-12-18,20:08:00,Completed,857
7588,97,147,Chicken Momos,2024-02-18,11:12:09,Completed,776
7589,318,186,Hakka Noodles,2023-06-10,15:48:16,Completed,924
7590,529,32,Paneer Butter Masala,2024-12-09,11:47:53,Completed,659
7591,708,195,Burger,2023-09-13,11:26:56,Completed,846
7592,463,52,Dal Makhani,2023-03-14,11:45:35,Completed,496
7593,21,112,Fish Curry,2025-04-14,19:25:43,Completed,601
7594,168,44,Caesar Salad,2023-02-25,12:57:22,Completed,175
7595,986,172,Paneer Tikka,2024-11-17,14:11:23,Completed,579
7596,274,153,Chole Bhature,2024-08-03,09:01:34,Completed,182
7597,504,7,Farmhouse Pizza,2024-06-03,21:46:53,Completed,156
7598,590,81,Idli Sambar,2024-08-06,10:14:59,Completed,379
7599,753,54,Chole Bhature,2024-04-02,20:39:06,Completed,866
7600,798,1,Margherita Pizza,2025-05-06,19:37:03,Completed,154
7601,377,47,Veg Biryani,2024-10-29,12:56:44,Completed,229
7602,129,60,Farmhouse Pizza,2023-12-02,17:30:03,Completed,212
7603,61,132,Veg Biryani,2025-06-03,12:03:03,Completed,693
7604,583,103,Veg Momos,2024-06-03,20:44:28,Cancelled,160
7605,336,27,Paneer Tikka,2024-05-11,11:37:36,Completed,391
7606,503,144,Veg Momos,2024-01-31,15:26:54,Completed,616
7607,205,44,Chicken Momos,2025-06-04,13:54:07,Completed,257
7608,591,23,Paneer Butter Masala,2025-04-30,22:56:10,Completed,785
7609,843,50,Paneer Tikka,2024-12-18,22:39:55,Completed,560
7610,549,61,Butter Chicken,2023-10-02,11:20:34,Completed,331
7611,153,175,Hakka Noodles,2023-10-14,14:59:47,Completed,696
7612,966,149,Farmhouse Pizza,2024-11-15,10:40:14,Pending,924
7613,299,77,Butter Chicken,2025-04-09,10:21:11,Cancelled,651
7614,684,151,Farmhouse Pizza,2024-10-06,11:54:19,Completed,190
7615,969,140,Chicken Tikka,2023-02-09,09:26:05,Completed,566
7616,249,175,Veg Fried Rice,2024-12-13,19:40:34,Completed,628
7617,802,81,Caesar Salad,2023-11-26,11:59:56,Completed,192
7618,223,93,Fish Curry,2024-05-10,12:14:50,Completed,817
7619,940,62,Paneer Butter Masala,2023-12-29,14:56:05,Completed,426
7620,240,38,Dal Makhani,2024-07-15,21:48:47,Cancelled,379
7621,668,163,Butter Chicken,2025-04-19,20:26:55,Completed,226
7622,684,128,Pav Bhaji,2025-03-05,13:29:21,Pending,890
7623,478,94,Chicken Momos,2023-11-21,20:38:00,Completed,502
7624,970,181,Masala Dosa,2024-05-04,11:01:01,Completed,120
7625,319,143,Masala Dosa,2023-06-02,12:09:35,Completed,895
7626,159,78,Masala Dosa,2024-11-15,19:44:35,Completed,134
7627,458,181,Caesar Salad,2023-04-24,17:07:22,Completed,861
7628,126,133,Pav Bhaji,2024-11-23,16:33:52,Completed,843
7629,767,45,Chicken Momos,2023-06-03,17:10:47,Completed,304
7630,342,102,Veg Fried Rice,2023-06-20,18:21:14,Completed,698
7631,762,29,Veg Biryani,2023-08-04,20:05:58,Cancelled,912
7632,280,118,Butter Chicken,2023-02-20,13:39:10,Cancelled,263
7633,386,20,Veg Momos,2025-01-13,22:57:11,Cancelled,569
7634,813,137,Paneer Tikka,2024-03-28,17:17:20,Cancelled,211
7635,629,136,Fish Curry,2025-05-19,20:22:44,Completed,464
7636,189,82,Chole Bhature,2023-07-14,09:25:28,Completed,734
7637,129,117,Chicken Momos,2023-07-27,20:44:49,Completed,577
7638,561,3,Pav Bhaji,2024-09-02,15:56:39,Completed,569
7639,264,199,Fish Curry,2025-05-05,10:00:49,Completed,224
7640,569,198,Chicken Momos,2025-02-19,12:13:12,Completed,902
7641,867,81,Chicken Biryani,2025-03-10,14:49:03,Completed,837
7642,559,161,Dal Makhani,2024-12-06,18:23:30,Completed,533
7643,169,139,Paneer Butter Masala,2025-03-08,20:45:36,Completed,889
7644,944,108,Dal Makhani,2023-07-23,17:58:17,Pending,267
7645,462,114,Chicken Tikka,2024-05-07,13:45:08,Cancelled,600
7646,307,77,Veg Fried Rice,2023-10-01,17:19:38,Completed,845
7647,957,116,Idli Sambar,2024-04-26,14:37:08,Completed,581
7648,620,122,Fish Curry,2023-09-17,09:29:16,Completed,368
7649,938,22,Idli Sambar,2023-04-26,22:21:42,Completed,277
7650,759,28,Veg Biryani,2023-11-23,15:59:10,Completed,143
7651,178,7,Farmhouse Pizza,2024-01-03,11:48:41,Completed,237
7652,890,98,Veg Biryani,2024-06-19,09:56:27,Completed,454
7653,88,140,Idli Sambar,2023-10-19,09:31:24,Cancelled,465
7654,750,70,Burger,2023-12-06,11:00:33,Completed,297
7655,315,170,Burger,2023-01-01,16:36:19,Completed,923
7656,136,6,Chicken Tikka,2023-05-15,20:06:02,Completed,676
7657,92,17,Veg Momos,2023-09-01,16:09:47,Completed,702
7658,1,26,Masala Dosa,2023-12-15,20:57:12,Completed,313
7659,78,184,Chole Bhature,2024-10-23,22:33:23,Completed,587
7660,172,77,Farmhouse Pizza,2024-11-11,17:51:27,Cancelled,563
7661,473,145,Paneer Tikka,2024-09-11,12:35:45,Completed,622
7662,649,64,Butter Chicken,2025-04-21,20:19:39,Completed,641
7663,698,194,Masala Dosa,2024-06-20,13:30:20,Completed,796
7664,566,88,Chicken Momos,2025-03-23,09:48:46,Completed,392
7665,633,165,Chicken Momos,2024-04-15,18:52:13,Completed,412
7666,302,17,Dal Makhani,2024-04-15,16:53:55,Completed,426
7667,939,74,Masala Dosa,2023-05-24,20:04:53,Completed,650
7668,946,151,Chicken Momos,2023-07-31,14:14:02,Completed,553
7669,888,154,Veg Biryani,2025-01-05,14:01:21,Pending,371
7670,518,35,Pav Bhaji,2023-01-22,13:12:22,Completed,353
7671,947,56,Caesar Salad,2025-06-21,19:18:08,Completed,231
7672,769,34,Chicken Momos,2024-12-28,15:01:13,Completed,520
7673,658,54,Veg Momos,2024-10-19,19:55:20,Completed,409
7674,327,42,Margherita Pizza,2023-10-27,18:23:04,Completed,609
7675,641,181,Veg Biryani,2023-01-20,15:13:54,Completed,426
7676,620,183,Idli Sambar,2024-06-19,13:52:35,Completed,568
7677,164,64,Pav Bhaji,2023-04-01,20:24:58,Completed,851
7678,135,73,Chicken Biryani,2023-03-11,16:20:13,Completed,705
7679,491,13,Butter Chicken,2023-04-08,11:26:46,Completed,283
7680,507,73,Paneer Butter Masala,2025-04-21,17:42:40,Completed,489
7681,471,125,Chicken Momos,2023-11-09,16:18:20,Pending,379
7682,805,132,Chicken Biryani,2023-07-03,20:30:28,Completed,264
7683,807,197,Farmhouse Pizza,2025-03-26,17:09:49,Cancelled,356
7684,973,28,Chicken Tikka,2025-05-04,16:58:32,Cancelled,524
7685,832,150,Veg Fried Rice,2023-10-08,17:43:30,Completed,194
7686,117,160,Chicken Tikka,2024-10-15,19:39:28,Completed,537
7687,574,54,Paneer Butter Masala,2024-10-21,21:51:47,Completed,825
7688,77,78,Idli Sambar,2024-07-26,09:23:53,Completed,349
7689,466,84,Chicken Biryani,2024-02-12,20:48:01,Cancelled,526
7690,943,177,Dal Makhani,2023-01-10,15:05:37,Completed,633
7691,603,200,Burger,2024-03-19,18:27:12,Completed,705
7692,41,92,Veg Momos,2023-09-21,15:47:00,Completed,254
7693,433,136,Butter Chicken,2023-11-09,18:29:30,Completed,938
7694,42,105,Veg Biryani,2024-08-26,12:09:40,Completed,146
7695,337,25,Farmhouse Pizza,2023-07-07,17:00:46,Completed,640
7696,60,62,Caesar Salad,2025-04-07,21:44:33,Completed,533
7697,855,32,Fish Curry,2024-10-29,14:21:53,Completed,334
7698,559,120,Margherita Pizza,2023-03-19,13:45:38,Completed,399
7699,56,131,Pav Bhaji,2025-04-13,14:14:05,Pending,927
7700,962,184,Chicken Momos,2023-11-05,09:48:46,Completed,858
7701,369,113,Butter Chicken,2025-02-01,09:04:03,Completed,320
7702,277,93,Veg Biryani,2025-06-21,16:56:07,Completed,358
7703,269,33,Masala Dosa,2025-04-26,10:30:26,Completed,426
7704,892,137,Veg Biryani,2024-08-20,15:13:45,Completed,755
7705,721,60,Dal Makhani,2024-05-21,10:46:50,Pending,301
7706,131,142,Caesar Salad,2023-08-07,19:32:44,Completed,716
7707,295,80,Chole Bhature,2023-03-18,21:31:56,Completed,463
7708,479,124,Margherita Pizza,2025-02-10,20:25:12,Completed,322
7709,915,135,Butter Chicken,2023-06-22,17:58:32,Completed,803
7710,600,195,Chicken Biryani,2023-03-05,13:05:17,Completed,198
7711,652,53,Veg Biryani,2023-12-07,17:27:31,Completed,786
7712,162,58,Chicken Momos,2023-02-17,09:19:53,Completed,272
7713,141,101,Dal Makhani,2025-04-29,19:27:12,Cancelled,717
7714,408,160,Butter Chicken,2025-06-20,18:34:51,Completed,432
7715,891,154,Butter Chicken,2024-09-04,18:13:15,Completed,739
7716,708,195,Butter Chicken,2023-03-29,14:40:41,Completed,797
7717,214,128,Idli Sambar,2024-06-29,16:52:59,Pending,751
7718,29,9,Pav Bhaji,2025-02-15,10:01:20,Completed,280
7719,791,74,Fish Curry,2023-08-23,12:46:20,Completed,196
7720,433,137,Fish Curry,2024-12-19,22:20:18,Completed,685
7721,921,24,Dal Makhani,2024-08-04,12:29:56,Completed,843
7722,40,172,Butter Chicken,2023-06-07,18:46:45,Completed,215
7723,896,138,Veg Fried Rice,2024-08-29,14:41:05,Completed,834
7724,207,12,Farmhouse Pizza,2023-03-18,19:53:10,Completed,530
7725,714,71,Pav Bhaji,2024-12-19,14:32:26,Completed,234
7726,702,74,Idli Sambar,2023-07-13,22:47:44,Completed,332
7727,933,133,Margherita Pizza,2024-02-21,10:31:26,Completed,289
7728,548,65,Farmhouse Pizza,2025-01-06,13:40:07,Completed,845
7729,24,184,Veg Momos,2024-03-30,22:13:04,Completed,420
7730,683,66,Caesar Salad,2023-12-21,11:43:49,Completed,222
7731,896,138,Paneer Butter Masala,2023-01-02,20:23:26,Pending,400
7732,440,89,Masala Dosa,2023-01-14,10:19:50,Completed,407
7733,99,146,Farmhouse Pizza,2025-06-02,22:32:46,Completed,528
7734,805,73,Chicken Momos,2023-10-27,14:14:51,Completed,630
7735,405,59,Caesar Salad,2025-04-08,11:24:21,Completed,791
7736,327,155,Margherita Pizza,2023-10-18,14:37:10,Completed,888
7737,118,51,Chicken Momos,2023-02-22,20:50:29,Completed,144
7738,231,53,Veg Fried Rice,2024-06-27,09:32:31,Completed,174
7739,487,87,Hakka Noodles,2023-04-08,11:21:12,Cancelled,532
7740,273,133,Chicken Momos,2023-01-13,10:41:17,Completed,567
7741,496,45,Veg Biryani,2024-06-25,18:59:43,Completed,624
7742,32,188,Veg Fried Rice,2025-04-12,11:40:41,Completed,191
7743,976,9,Hakka Noodles,2023-10-01,16:09:43,Completed,940
7744,179,160,Hakka Noodles,2023-10-31,21:28:42,Completed,763
7745,265,12,Pav Bhaji,2023-01-31,14:53:46,Completed,809
7746,275,131,Chole Bhature,2024-11-29,11:49:44,Completed,577
7747,452,7,Chicken Momos,2023-03-17,20:34:17,Cancelled,352
7748,715,4,Paneer Tikka,2025-03-14,19:54:30,Completed,673
7749,220,116,Chicken Biryani,2024-11-06,16:06:57,Completed,467
7750,436,58,Veg Fried Rice,2024-05-20,15:26:39,Completed,336
7751,590,32,Fish Curry,2023-12-29,10:41:55,Completed,310
7752,10,157,Dal Makhani,2023-11-08,17:54:56,Completed,615
7753,981,162,Farmhouse Pizza,2023-03-30,19:33:06,Completed,127
7754,593,191,Chicken Momos,2023-06-17,21:19:06,Completed,202
7755,509,11,Chole Bhature,2023-08-25,18:45:49,Completed,234
7756,920,153,Veg Biryani,2025-04-29,15:53:13,Pending,315
7757,194,30,Chicken Biryani,2024-07-12,10:26:12,Cancelled,566
7758,659,86,Chicken Biryani,2024-11-11,15:31:59,Pending,208
7759,711,139,Caesar Salad,2024-01-27,10:22:56,Completed,746
7760,594,159,Fish Curry,2023-02-07,13:36:12,Completed,823
7761,357,155,Fish Curry,2024-07-08,13:05:26,Completed,652
7762,669,191,Chicken Momos,2024-02-12,13:53:00,Completed,143
7763,160,158,Dal Makhani,2023-09-04,12:20:00,Cancelled,797
7764,604,176,Masala Dosa,2024-11-07,09:07:49,Completed,517
7765,395,91,Chicken Momos,2023-04-04,11:17:24,Cancelled,255
7766,204,107,Veg Biryani,2024-07-18,14:27:21,Completed,520
7767,236,15,Dal Makhani,2023-11-17,15:02:24,Cancelled,279
7768,463,128,Chole Bhature,2024-04-03,21:04:59,Cancelled,389
7769,865,127,Veg Fried Rice,2023-12-30,13:56:00,Completed,264
7770,286,170,Chole Bhature,2024-05-09,18:06:11,Completed,291
7771,24,72,Veg Momos,2024-03-06,14:10:03,Completed,686
7772,681,153,Chicken Tikka,2025-06-15,18:08:41,Completed,490
7773,47,37,Chicken Momos,2023-08-20,15:17:50,Completed,793
7774,44,24,Idli Sambar,2024-07-24,12:26:21,Completed,467
7775,368,26,Fish Curry,2025-01-16,15:16:20,Completed,890
7776,11,110,Idli Sambar,2023-08-26,19:13:01,Completed,784
7777,532,89,Chicken Tikka,2023-03-28,17:37:19,Completed,905
7778,71,10,Veg Fried Rice,2024-01-22,22:38:03,Completed,145
7779,650,94,Veg Fried Rice,2025-04-03,10:17:45,Completed,854
7780,123,154,Farmhouse Pizza,2023-06-18,12:24:25,Completed,468
7781,435,66,Margherita Pizza,2023-02-17,17:22:54,Completed,320
7782,428,176,Pav Bhaji,2024-03-24,19:00:15,Cancelled,775
7783,625,23,Paneer Tikka,2023-08-07,21:09:39,Completed,565
7784,56,54,Pav Bhaji,2023-03-20,19:13:49,Completed,833
7785,187,102,Pav Bhaji,2025-06-01,09:31:16,Completed,780
7786,638,166,Chicken Tikka,2025-05-10,10:56:41,Completed,915
7787,960,24,Chicken Tikka,2024-07-15,15:35:07,Completed,172
7788,562,187,Idli Sambar,2023-01-29,16:35:45,Completed,703
7789,746,66,Pav Bhaji,2024-03-22,11:58:08,Completed,642
7790,171,147,Veg Momos,2023-01-02,11:55:51,Completed,342
7791,60,71,Veg Momos,2025-05-10,14:01:47,Completed,304
7792,508,21,Chole Bhature,2024-01-21,18:58:31,Completed,523
7793,690,7,Veg Biryani,2024-12-31,20:44:33,Completed,466
7794,709,186,Margherita Pizza,2024-07-29,09:15:44,Completed,497
7795,680,145,Paneer Butter Masala,2023-12-11,09:02:25,Completed,325
7796,82,197,Hakka Noodles,2023-03-18,16:47:25,Completed,277
7797,167,173,Paneer Tikka,2024-01-18,20:49:54,Completed,624
7798,773,121,Pav Bhaji,2025-05-21,14:59:50,Pending,941
7799,922,128,Farmhouse Pizza,2023-12-02,16:24:00,Completed,559
7800,285,37,Masala Dosa,2024-03-07,10:17:45,Completed,715
7801,592,47,Hakka Noodles,2023-09-01,16:36:09,Completed,911
7802,823,63,Masala Dosa,2024-11-10,13:13:05,Completed,192
7803,481,8,Butter Chicken,2025-04-21,20:46:46,Completed,918
7804,99,192,Fish Curry,2024-03-31,21:41:12,Completed,349
7805,459,12,Masala Dosa,2024-08-29,17:05:39,Completed,437
7806,511,156,Masala Dosa,2023-10-28,13:08:02,Cancelled,531
7807,433,26,Chicken Momos,2025-04-02,17:41:24,Completed,692
7808,135,83,Chicken Tikka,2024-08-31,11:50:12,Completed,364
7809,738,173,Chicken Biryani,2024-01-17,22:18:24,Completed,330
7810,884,67,Burger,2024-01-15,21:17:43,Completed,863
7811,255,191,Fish Curry,2024-08-24,16:08:54,Completed,950
7812,16,158,Chicken Tikka,2024-11-21,11:00:01,Completed,524
7813,482,41,Pav Bhaji,2024-06-30,13:24:13,Completed,831
7814,444,60,Hakka Noodles,2025-03-12,16:48:35,Cancelled,196
7815,502,86,Chicken Tikka,2025-03-21,22:10:40,Completed,508
7816,407,164,Veg Momos,2023-10-29,19:50:43,Completed,502
7817,663,191,Butter Chicken,2024-09-30,10:18:37,Completed,347
7818,459,73,Burger,2024-01-31,14:20:59,Cancelled,945
7819,310,153,Veg Momos,2023-04-11,17:38:51,Completed,721
7820,833,66,Masala Dosa,2023-10-23,22:33:04,Cancelled,265
7821,978,50,Chicken Momos,2024-01-30,18:27:12,Completed,784
7822,959,73,Masala Dosa,2023-07-13,09:45:49,Completed,217
7823,258,172,Dal Makhani,2024-12-05,21:35:20,Cancelled,879
7824,180,26,Paneer Butter Masala,2023-01-27,17:04:54,Completed,418
7825,94,94,Dal Makhani,2024-05-11,13:18:17,Completed,292
7826,623,183,Veg Momos,2024-08-20,19:07:19,Completed,447
7827,217,63,Pav Bhaji,2023-07-03,21:08:19,Completed,399
7828,899,152,Chicken Momos,2023-04-24,21:37:20,Completed,805
7829,190,92,Chicken Momos,2024-11-30,19:16:18,Completed,501
7830,136,99,Margherita Pizza,2024-01-09,11:20:09,Pending,662
7831,882,139,Veg Momos,2025-05-10,20:51:54,Pending,631
7832,606,50,Chicken Momos,2025-01-22,17:52:14,Completed,839
7833,404,187,Chicken Biryani,2025-05-24,18:50:38,Completed,325
7834,263,24,Masala Dosa,2024-04-23,10:49:50,Completed,800
7835,45,105,Masala Dosa,2025-01-26,12:21:28,Completed,875
7836,226,155,Veg Momos,2023-07-24,18:59:58,Completed,618
7837,74,24,Butter Chicken,2024-03-14,20:45:19,Completed,246
7838,911,195,Masala Dosa,2024-11-25,16:50:58,Completed,645
7839,61,105,Veg Biryani,2025-04-22,13:42:40,Completed,684
7840,296,102,Caesar Salad,2024-01-06,19:58:49,Completed,569
7841,214,142,Chicken Tikka,2023-10-31,22:14:05,Completed,853
7842,733,78,Caesar Salad,2023-05-08,11:06:13,Completed,444
7843,581,74,Veg Fried Rice,2023-11-01,19:32:57,Completed,753
7844,701,192,Fish Curry,2024-12-07,21:55:13,Completed,928
7845,532,102,Fish Curry,2025-04-18,20:16:57,Cancelled,301
7846,495,15,Idli Sambar,2023-07-24,13:19:51,Cancelled,914
7847,603,140,Chicken Tikka,2024-07-21,11:48:50,Cancelled,715
7848,552,4,Chicken Momos,2024-03-10,22:23:45,Completed,338
7849,767,103,Chicken Biryani,2024-01-22,16:55:28,Completed,535
7850,615,5,Chicken Biryani,2023-01-23,20:07:02,Completed,405
7851,205,114,Chicken Biryani,2025-01-25,15:13:56,Cancelled,811
7852,398,16,Fish Curry,2024-06-06,12:55:55,Completed,903
7853,967,98,Burger,2024-05-19,21:50:20,Completed,670
7854,607,101,Veg Biryani,2025-04-09,17:07:01,Completed,777
7855,744,118,Chicken Tikka,2025-02-04,12:52:50,Cancelled,337
7856,29,136,Chole Bhature,2024-06-01,18:19:54,Completed,486
7857,923,34,Idli Sambar,2023-08-25,13:32:42,Completed,618
7858,526,163,Dal Makhani,2024-08-25,16:13:46,Completed,539
7859,499,123,Fish Curry,2024-10-22,14:42:53,Completed,420
7860,174,143,Paneer Butter Masala,2023-09-28,20:02:25,Completed,729
7861,855,47,Caesar Salad,2023-02-05,09:44:54,Completed,356
7862,221,44,Dal Makhani,2025-04-04,18:51:14,Completed,374
7863,92,52,Idli Sambar,2023-01-30,20:54:11,Completed,415
7864,535,40,Pav Bhaji,2024-07-10,09:11:13,Completed,873
7865,629,70,Veg Momos,2023-09-07,20:00:15,Completed,499
7866,720,113,Chicken Biryani,2025-05-08,22:34:56,Completed,440
7867,130,24,Butter Chicken,2023-07-27,17:37:35,Completed,223
7868,647,40,Farmhouse Pizza,2023-06-26,17:31:16,Completed,235
7869,673,56,Veg Fried Rice,2023-06-09,10:21:49,Completed,222
7870,18,188,Chole Bhature,2023-09-28,13:05:18,Completed,308
7871,683,132,Margherita Pizza,2025-04-26,21:45:53,Completed,487
7872,227,121,Veg Fried Rice,2023-10-01,18:43:04,Completed,938
7873,511,44,Dal Makhani,2023-10-22,18:10:08,Completed,539
7874,473,95,Pav Bhaji,2023-11-12,22:07:20,Completed,659
7875,16,59,Paneer Butter Masala,2023-08-16,16:10:14,Completed,920
7876,166,44,Margherita Pizza,2023-11-02,15:48:02,Completed,409
7877,119,149,Paneer Butter Masala,2023-06-19,16:45:43,Completed,338
7878,999,120,Paneer Butter Masala,2024-03-08,19:12:39,Completed,126
7879,693,74,Veg Momos,2024-08-25,13:44:06,Completed,675
7880,701,1,Pav Bhaji,2024-03-04,21:17:47,Completed,726
7881,926,134,Butter Chicken,2024-03-13,12:23:11,Completed,606
7882,495,163,Caesar Salad,2024-05-04,09:45:37,Cancelled,609
7883,290,21,Caesar Salad,2023-03-08,22:48:13,Completed,502
7884,249,169,Fish Curry,2023-07-31,18:23:43,Completed,772
7885,572,102,Masala Dosa,2024-11-24,15:28:10,Completed,724
7886,33,193,Chicken Biryani,2025-06-07,18:24:07,Completed,220
7887,732,190,Idli Sambar,2023-10-17,09:02:27,Completed,586
7888,334,195,Pav Bhaji,2023-04-15,12:01:15,Completed,196
7889,402,63,Margherita Pizza,2023-05-27,13:17:42,Completed,700
7890,527,177,Caesar Salad,2023-04-26,16:14:49,Completed,197
7891,862,184,Butter Chicken,2025-03-31,18:08:40,Completed,699
7892,305,76,Dal Makhani,2023-10-12,14:08:37,Completed,784
7893,341,62,Caesar Salad,2024-11-22,10:41:02,Completed,345
7894,828,66,Idli Sambar,2024-05-09,11:20:11,Completed,691
7895,381,20,Chicken Biryani,2025-02-23,22:08:04,Completed,840
7896,150,175,Veg Fried Rice,2024-05-02,09:35:59,Completed,722
7897,46,163,Butter Chicken,2023-04-13,17:41:29,Completed,438
7898,861,102,Paneer Tikka,2024-10-23,19:55:57,Completed,630
7899,975,50,Caesar Salad,2023-08-24,19:56:12,Completed,396
7900,342,102,Paneer Tikka,2024-01-09,22:24:28,Completed,820
7901,914,155,Paneer Butter Masala,2024-12-25,10:58:26,Completed,418
7902,555,200,Chicken Tikka,2023-06-26,18:20:25,Completed,924
7903,314,85,Caesar Salad,2024-07-13,12:53:04,Completed,506
7904,781,8,Caesar Salad,2023-06-26,19:46:04,Completed,424
7905,71,69,Chole Bhature,2024-10-30,10:55:42,Pending,353
7906,290,150,Masala Dosa,2024-06-03,11:53:53,Completed,364
7907,98,39,Chicken Momos,2025-06-21,12:39:29,Completed,212
7908,151,170,Farmhouse Pizza,2024-12-01,22:40:11,Completed,932
7909,438,105,Chicken Tikka,2023-01-12,16:44:08,Completed,787
7910,977,166,Fish Curry,2024-09-03,13:35:21,Completed,424
7911,42,60,Chicken Biryani,2024-01-07,13:33:15,Completed,775
7912,484,90,Butter Chicken,2024-01-06,18:00:25,Completed,513
7913,344,76,Dal Makhani,2023-02-05,12:09:34,Completed,299
7914,908,187,Paneer Tikka,2023-10-04,20:03:20,Completed,317
7915,460,172,Chole Bhature,2025-05-05,14:59:12,Cancelled,369
7916,415,187,Veg Fried Rice,2025-04-15,17:30:26,Completed,296
7917,308,179,Pav Bhaji,2023-03-22,19:43:44,Pending,797
7918,418,185,Idli Sambar,2023-09-04,20:37:45,Completed,718
7919,297,21,Chicken Momos,2025-02-14,22:26:05,Completed,629
7920,454,38,Pav Bhaji,2023-12-29,15:54:34,Completed,348
7921,940,50,Paneer Butter Masala,2023-05-05,16:02:20,Completed,817
7922,600,77,Dal Makhani,2023-09-16,10:24:58,Completed,155
7923,217,116,Hakka Noodles,2025-01-27,11:41:02,Cancelled,768
7924,133,72,Chicken Biryani,2024-03-08,16:46:26,Completed,128
7925,48,160,Veg Momos,2024-01-22,15:37:09,Completed,259
7926,757,66,Veg Momos,2024-06-30,19:15:36,Completed,383
7927,707,140,Fish Curry,2023-05-15,16:08:02,Completed,834
7928,987,123,Masala Dosa,2024-05-17,09:15:53,Completed,677
7929,51,121,Pav Bhaji,2023-09-23,11:18:06,Completed,554
7930,804,33,Idli Sambar,2024-01-06,17:38:13,Completed,226
7931,203,192,Margherita Pizza,2024-03-04,14:20:53,Completed,380
7932,30,91,Burger,2023-11-05,18:47:25,Completed,933
7933,177,93,Veg Momos,2024-03-18,10:19:03,Completed,407
7934,253,11,Idli Sambar,2023-02-13,11:07:56,Completed,380
7935,790,116,Masala Dosa,2025-02-24,12:41:26,Completed,608
7936,842,161,Hakka Noodles,2024-03-20,22:21:23,Completed,753
7937,595,165,Pav Bhaji,2024-06-20,10:37:44,Completed,509
7938,635,94,Hakka Noodles,2025-01-16,19:01:00,Completed,253
7939,50,98,Hakka Noodles,2025-06-12,17:17:29,Cancelled,548
7940,491,98,Chicken Biryani,2024-10-08,09:07:54,Completed,452
7941,197,153,Fish Curry,2024-03-01,17:10:58,Cancelled,766
7942,744,14,Chole Bhature,2025-02-16,18:46:27,Cancelled,543
7943,621,85,Chicken Momos,2024-11-08,11:25:19,Completed,538
7944,635,119,Idli Sambar,2023-02-03,15:04:18,Completed,912
7945,545,117,Paneer Tikka,2025-02-23,09:56:10,Completed,574
7946,251,157,Margherita Pizza,2023-07-23,12:42:20,Completed,893
7947,263,161,Margherita Pizza,2024-05-25,11:11:45,Completed,948
7948,191,45,Masala Dosa,2023-11-16,14:19:08,Completed,947
7949,477,99,Butter Chicken,2024-10-06,09:45:40,Completed,744
7950,75,120,Burger,2024-05-28,15:44:22,Completed,355
7951,996,3,Idli Sambar,2024-06-16,22:08:08,Completed,474
7952,68,61,Butter Chicken,2024-05-08,19:33:44,Cancelled,604
7953,56,44,Chicken Biryani,2024-02-26,10:13:04,Pending,694
7954,104,45,Butter Chicken,2024-08-17,15:40:06,Completed,606
7955,293,105,Farmhouse Pizza,2025-01-11,19:21:57,Completed,696
7956,419,154,Paneer Tikka,2023-04-10,11:42:17,Completed,597
7957,526,12,Hakka Noodles,2024-08-09,21:37:28,Completed,256
7958,387,143,Farmhouse Pizza,2023-12-18,12:49:21,Completed,641
7959,645,82,Margherita Pizza,2023-07-23,21:01:41,Completed,890
7960,369,136,Margherita Pizza,2025-03-12,14:42:39,Completed,850
7961,459,166,Butter Chicken,2024-12-17,17:45:56,Completed,712
7962,936,15,Butter Chicken,2024-06-15,14:41:10,Completed,131
7963,455,180,Paneer Butter Masala,2023-01-23,20:35:41,Completed,923
7964,512,128,Caesar Salad,2023-03-28,14:41:43,Completed,742
7965,145,73,Fish Curry,2025-01-10,20:30:36,Completed,694
7966,170,151,Burger,2023-12-03,09:22:33,Completed,175
7967,845,102,Veg Momos,2024-03-16,11:39:53,Completed,667
7968,238,76,Dal Makhani,2023-01-23,14:52:04,Completed,292
7969,477,195,Hakka Noodles,2023-01-01,14:32:05,Completed,835
7970,536,67,Masala Dosa,2024-09-01,22:34:38,Completed,871
7971,683,118,Veg Momos,2024-02-27,22:14:49,Completed,351
7972,864,171,Chole Bhature,2023-11-14,12:14:47,Completed,866
7973,956,138,Chole Bhature,2025-03-29,09:40:53,Completed,184
7974,355,100,Veg Fried Rice,2024-10-02,14:40:11,Completed,289
7975,356,198,Chicken Biryani,2023-04-04,20:57:32,Completed,749
7976,527,176,Fish Curry,2023-07-12,18:43:10,Completed,503
7977,2,167,Paneer Tikka,2024-05-12,09:10:46,Completed,854
7978,763,188,Farmhouse Pizza,2024-08-27,19:32:01,Completed,809
7979,495,120,Caesar Salad,2024-02-20,21:52:36,Completed,761
7980,463,63,Butter Chicken,2023-01-01,20:32:51,Completed,186
7981,464,7,Idli Sambar,2023-06-15,21:05:27,Completed,863
7982,557,115,Chicken Tikka,2024-09-20,09:51:07,Completed,259
7983,315,143,Fish Curry,2023-01-10,12:58:27,Completed,196
7984,475,196,Pav Bhaji,2024-01-28,21:42:57,Completed,809
7985,498,175,Veg Momos,2023-10-25,19:22:49,Completed,184
7986,113,179,Hakka Noodles,2023-06-10,16:02:34,Completed,736
7987,929,61,Chicken Tikka,2024-08-28,17:20:48,Completed,509
7988,392,108,Paneer Tikka,2024-06-15,15:11:42,Completed,156
7989,645,3,Butter Chicken,2025-03-30,09:44:22,Completed,891
7990,334,163,Masala Dosa,2024-05-06,13:35:08,Completed,912
7991,157,199,Hakka Noodles,2023-11-22,18:08:02,Completed,320
7992,594,119,Pav Bhaji,2025-02-03,20:54:54,Completed,568
7993,227,41,Veg Biryani,2023-07-02,16:01:23,Completed,492
7994,804,127,Pav Bhaji,2023-03-26,11:35:40,Completed,614
7995,455,72,Chicken Tikka,2024-03-25,16:52:39,Completed,330
7996,717,67,Hakka Noodles,2023-07-17,19:04:28,Completed,313
7997,424,113,Veg Biryani,2023-05-16,12:35:44,Completed,469
7998,144,77,Idli Sambar,2023-05-27,10:24:12,Completed,256
7999,539,23,Chole Bhature,2023-08-08,10:40:51,Completed,369
8000,811,79,Fish Curry,2023-12-17,16:25:13,Completed,480
8001,689,147,Pav Bhaji,2023-09-24,22:06:25,Completed,729
8002,585,116,Veg Fried Rice,2025-04-19,20:54:06,Completed,707
8003,866,141,Veg Fried Rice,2024-11-16,09:10:55,Completed,738
8004,886,41,Veg Fried Rice,2025-04-10,21:24:27,Cancelled,536
8005,263,91,Chicken Biryani,2024-08-01,20:21:08,Completed,780
8006,167,92,Margherita Pizza,2025-06-28,18:55:34,Completed,799
8007,650,189,Idli Sambar,2025-03-27,09:16:58,Completed,390
8008,951,15,Caesar Salad,2024-05-22,16:27:17,Completed,478
8009,812,99,Farmhouse Pizza,2024-04-18,17:48:17,Completed,356
8010,171,160,Veg Fried Rice,2023-09-10,22:21:54,Completed,541
8011,941,171,Butter Chicken,2024-03-05,13:56:56,Completed,203
8012,145,47,Veg Momos,2023-10-04,16:52:14,Completed,696
8013,380,81,Hakka Noodles,2025-05-01,11:59:43,Completed,595
8014,488,121,Hakka Noodles,2025-03-08,13:03:32,Completed,370
8015,148,51,Hakka Noodles,2024-12-08,20:32:06,Completed,844
8016,727,14,Burger,2024-09-05,13:48:44,Completed,845
8017,534,119,Veg Fried Rice,2024-04-08,19:07:38,Completed,159
8018,983,67,Butter Chicken,2023-04-04,17:56:06,Completed,165
8019,125,70,Butter Chicken,2023-06-09,20:27:51,Completed,423
8020,776,14,Veg Fried Rice,2024-10-30,22:56:07,Completed,360
8021,74,112,Farmhouse Pizza,2023-10-06,09:17:29,Pending,929
8022,371,199,Veg Biryani,2023-12-14,09:32:59,Completed,844
8023,85,45,Chicken Momos,2025-01-09,11:00:03,Pending,741
8024,752,112,Paneer Butter Masala,2023-07-28,15:08:41,Cancelled,205
8025,992,200,Farmhouse Pizza,2023-09-16,20:36:40,Completed,216
8026,968,117,Paneer Butter Masala,2025-06-06,17:53:04,Completed,455
8027,376,124,Dal Makhani,2025-04-11,16:09:33,Cancelled,941
8028,821,20,Dal Makhani,2024-12-05,19:29:50,Pending,742
8029,186,187,Fish Curry,2023-05-03,17:00:56,Completed,476
8030,475,16,Chicken Tikka,2024-09-26,20:03:09,Completed,718
8031,808,178,Chicken Biryani,2024-02-19,20:42:16,Completed,594
8032,59,134,Butter Chicken,2024-01-26,15:45:23,Completed,351
8033,224,150,Farmhouse Pizza,2023-04-05,14:51:25,Completed,501
8034,737,8,Paneer Butter Masala,2024-05-22,16:19:04,Completed,874
8035,786,57,Veg Momos,2024-09-24,14:48:21,Completed,551
8036,190,181,Veg Biryani,2024-10-04,10:35:51,Completed,843
8037,641,183,Chole Bhature,2025-03-06,17:00:51,Completed,898
8038,438,76,Veg Fried Rice,2024-09-10,14:41:35,Completed,699
8039,114,8,Paneer Tikka,2024-01-21,15:07:51,Completed,755
8040,77,90,Fish Curry,2023-09-20,13:26:06,Completed,205
8041,522,126,Veg Biryani,2023-04-23,12:16:10,Completed,297
8042,530,53,Pav Bhaji,2025-04-05,15:04:33,Completed,268
8043,570,107,Fish Curry,2025-01-08,22:19:21,Completed,707
8044,721,42,Margherita Pizza,2023-03-23,17:30:53,Completed,402
8045,267,190,Chicken Tikka,2023-01-11,17:26:10,Completed,844
8046,388,40,Chole Bhature,2023-04-05,16:27:50,Completed,417
8047,260,16,Idli Sambar,2024-05-19,21:50:00,Completed,321
8048,589,29,Farmhouse Pizza,2024-06-26,17:57:11,Completed,850
8049,391,94,Veg Biryani,2024-12-11,19:21:52,Completed,868
8050,293,177,Margherita Pizza,2024-12-02,19:21:17,Pending,381
8051,346,67,Paneer Tikka,2024-08-26,14:32:12,Completed,165
8052,200,168,Farmhouse Pizza,2024-12-24,12:19:10,Completed,827
8053,435,26,Dal Makhani,2023-12-03,22:06:12,Completed,330
8054,70,108,Hakka Noodles,2023-05-13,12:19:42,Completed,486
8055,572,57,Chole Bhature,2024-09-07,09:35:41,Completed,254
8056,252,37,Farmhouse Pizza,2024-05-30,21:43:41,Pending,676
8057,338,146,Masala Dosa,2023-11-08,13:57:45,Completed,820
8058,320,109,Hakka Noodles,2023-10-11,17:30:12,Completed,535
8059,457,75,Chicken Momos,2023-04-16,13:09:20,Completed,415
8060,978,28,Caesar Salad,2024-02-26,20:11:09,Completed,441
8061,53,131,Hakka Noodles,2024-05-10,09:07:32,Completed,251
8062,355,137,Veg Momos,2024-10-07,11:24:47,Cancelled,774
8063,230,146,Paneer Butter Masala,2024-07-25,14:31:21,Completed,455
8064,516,34,Dal Makhani,2023-03-16,17:05:08,Completed,321
8065,24,166,Veg Momos,2024-07-14,19:53:27,Cancelled,846
8066,222,82,Veg Biryani,2024-01-10,18:53:46,Completed,340
8067,821,130,Paneer Butter Masala,2023-11-07,21:49:16,Completed,274
8068,515,188,Paneer Tikka,2023-05-27,19:35:01,Completed,591
8069,111,56,Fish Curry,2024-12-03,10:58:12,Completed,714
8070,894,134,Veg Fried Rice,2023-04-13,11:53:52,Completed,664
8071,842,170,Butter Chicken,2023-08-24,19:36:34,Completed,504
8072,456,82,Margherita Pizza,2025-01-08,12:29:21,Completed,850
8073,893,123,Veg Momos,2023-11-05,10:09:43,Completed,772
8074,945,85,Chole Bhature,2024-06-10,11:35:26,Completed,553
8075,703,83,Chicken Tikka,2025-05-31,15:16:59,Completed,561
8076,411,105,Chicken Tikka,2023-10-13,12:58:28,Completed,315
8077,290,153,Pav Bhaji,2023-10-12,15:37:59,Completed,935
8078,450,86,Masala Dosa,2025-01-21,12:42:00,Completed,782
8079,126,82,Veg Biryani,2024-12-16,21:52:45,Completed,423
8080,72,115,Paneer Tikka,2024-11-26,22:21:42,Completed,659
8081,274,175,Chicken Biryani,2025-02-01,11:34:46,Completed,354
8082,230,148,Fish Curry,2025-02-15,22:20:12,Completed,546
8083,652,8,Hakka Noodles,2023-12-16,17:27:55,Completed,298
8084,820,174,Chicken Tikka,2023-06-03,15:45:11,Completed,739
8085,231,142,Farmhouse Pizza,2023-03-10,09:25:58,Pending,294
8086,323,37,Farmhouse Pizza,2024-11-03,14:43:32,Completed,648
8087,245,69,Paneer Tikka,2025-05-01,14:39:00,Completed,806
8088,912,126,Fish Curry,2023-02-18,22:19:09,Completed,460
8089,808,79,Hakka Noodles,2024-07-02,20:18:20,Completed,540
8090,172,12,Paneer Tikka,2023-05-30,20:06:15,Completed,730
8091,868,193,Butter Chicken,2025-06-17,09:43:23,Completed,672
8092,470,95,Idli Sambar,2025-03-14,19:19:32,Pending,706
8093,957,89,Veg Momos,2024-09-25,13:44:37,Completed,898
8094,603,178,Burger,2024-12-27,12:48:12,Completed,383
8095,291,107,Paneer Tikka,2025-03-18,13:05:58,Completed,852
8096,237,84,Pav Bhaji,2024-11-27,21:31:08,Completed,640
8097,441,99,Farmhouse Pizza,2025-03-14,20:39:54,Completed,402
8098,3,32,Idli Sambar,2024-09-07,11:41:56,Pending,683
8099,401,108,Fish Curry,2024-08-01,11:50:10,Completed,795
8100,87,185,Idli Sambar,2023-09-11,11:08:51,Completed,473
8101,87,97,Veg Momos,2025-02-11,12:09:31,Cancelled,896
8102,350,198,Dal Makhani,2023-04-06,18:50:48,Completed,595
8103,124,73,Butter Chicken,2025-06-07,13:57:08,Completed,770
8104,628,138,Hakka Noodles,2024-06-16,14:19:52,Completed,462
8105,677,34,Burger,2024-02-24,12:22:35,Completed,427
8106,579,124,Hakka Noodles,2023-02-25,10:18:05,Completed,597
8107,872,31,Veg Fried Rice,2024-11-10,11:31:28,Completed,594
8108,918,59,Dal Makhani,2025-02-27,16:50:37,Completed,788
8109,983,109,Veg Momos,2023-05-27,14:10:44,Pending,730
8110,391,118,Veg Fried Rice,2024-02-17,21:15:01,Completed,816
8111,112,37,Margherita Pizza,2024-12-09,19:02:42,Completed,601
8112,809,26,Hakka Noodles,2025-03-13,13:36:37,Completed,861
8113,895,86,Veg Momos,2023-09-23,12:31:54,Completed,883
8114,152,109,Caesar Salad,2025-06-09,16:56:43,Completed,402
8115,677,21,Butter Chicken,2024-05-20,11:33:57,Completed,509
8116,935,130,Idli Sambar,2024-07-15,14:17:06,Completed,777
8117,828,96,Veg Momos,2023-03-05,21:32:14,Pending,154
8118,280,49,Pav Bhaji,2024-11-24,10:28:15,Completed,458
8119,204,2,Masala Dosa,2025-05-27,22:57:42,Completed,839
8120,743,126,Hakka Noodles,2024-06-25,22:07:22,Completed,474
8121,119,16,Burger,2024-01-02,18:57:09,Cancelled,619
8122,437,99,Paneer Butter Masala,2023-05-28,19:51:53,Completed,724
8123,218,139,Caesar Salad,2025-01-22,21:01:37,Completed,500
8124,920,22,Farmhouse Pizza,2023-03-08,19:34:01,Completed,531
8125,38,87,Veg Biryani,2024-10-03,22:16:34,Completed,270
8126,567,69,Veg Biryani,2024-03-17,22:12:23,Completed,237
8127,793,193,Margherita Pizza,2023-01-27,16:43:27,Completed,298
8128,952,189,Burger,2023-11-21,10:58:58,Cancelled,298
8129,199,95,Caesar Salad,2023-01-13,21:04:35,Completed,505
8130,939,8,Veg Momos,2025-01-11,11:45:09,Completed,200
8131,46,136,Farmhouse Pizza,2024-04-19,15:20:31,Completed,830
8132,378,78,Hakka Noodles,2024-11-20,19:24:32,Completed,298
8133,302,141,Chole Bhature,2024-02-23,11:22:11,Cancelled,784
8134,509,53,Farmhouse Pizza,2024-08-13,09:58:42,Completed,721
8135,129,36,Idli Sambar,2023-11-25,19:17:10,Completed,163
8136,188,154,Dal Makhani,2025-05-24,16:25:59,Completed,926
8137,461,163,Margherita Pizza,2024-12-04,11:42:14,Cancelled,692
8138,795,132,Veg Fried Rice,2023-09-29,19:01:50,Pending,167
8139,732,122,Paneer Butter Masala,2023-07-28,14:25:55,Completed,139
8140,628,145,Masala Dosa,2023-07-17,10:32:48,Completed,126
8141,39,41,Chicken Biryani,2024-05-11,21:31:59,Completed,824
8142,242,68,Veg Momos,2025-03-24,21:03:18,Completed,415
8143,177,138,Caesar Salad,2023-10-31,14:37:10,Completed,643
8144,186,154,Dal Makhani,2023-11-08,21:21:14,Cancelled,934
8145,125,182,Dal Makhani,2023-06-19,22:20:51,Completed,781
8146,263,153,Hakka Noodles,2024-04-24,14:34:03,Completed,509
8147,276,36,Paneer Tikka,2023-04-03,20:50:57,Completed,270
8148,626,89,Caesar Salad,2023-02-26,10:58:27,Completed,529
8149,65,5,Butter Chicken,2024-10-28,18:23:36,Completed,252
8150,776,20,Dal Makhani,2024-02-15,15:21:44,Completed,580
8151,395,147,Paneer Tikka,2025-06-26,10:54:40,Pending,818
8152,414,53,Veg Biryani,2024-07-27,16:21:30,Completed,562
8153,18,64,Butter Chicken,2023-04-30,16:13:36,Completed,837
8154,795,129,Chole Bhature,2024-09-23,15:56:50,Completed,220
8155,527,156,Paneer Butter Masala,2025-03-27,18:18:11,Completed,180
8156,434,82,Margherita Pizza,2023-09-25,22:02:31,Completed,578
8157,150,79,Chicken Biryani,2023-07-28,21:39:25,Completed,240
8158,946,169,Veg Momos,2025-04-21,10:58:56,Completed,538
8159,946,50,Fish Curry,2023-07-04,19:03:41,Completed,747
8160,998,25,Veg Biryani,2023-03-10,20:26:56,Completed,439
8161,636,1,Pav Bhaji,2025-01-23,21:28:05,Completed,382
8162,29,32,Butter Chicken,2024-11-20,18:25:21,Completed,447
8163,459,40,Dal Makhani,2025-01-11,09:43:19,Completed,791
8164,984,115,Dal Makhani,2024-01-14,15:20:55,Completed,596
8165,213,122,Butter Chicken,2023-01-16,18:59:47,Cancelled,787
8166,285,32,Farmhouse Pizza,2025-04-15,11:29:49,Completed,588
8167,256,14,Paneer Butter Masala,2023-03-04,21:08:02,Completed,396
8168,472,22,Chicken Biryani,2025-01-08,21:37:11,Completed,269
8169,230,62,Pav Bhaji,2023-12-06,14:38:45,Completed,444
8170,988,70,Veg Momos,2024-12-16,15:20:15,Completed,807
8171,181,43,Fish Curry,2023-05-27,22:18:34,Completed,905
8172,649,5,Idli Sambar,2023-10-13,17:07:45,Completed,818
8173,699,190,Burger,2023-06-29,21:01:24,Completed,292
8174,983,175,Butter Chicken,2023-10-16,14:45:39,Cancelled,878
8175,106,97,Chicken Momos,2023-08-27,22:15:21,Pending,904
8176,318,137,Chicken Tikka,2023-12-14,17:15:30,Completed,763
8177,631,199,Veg Biryani,2023-12-15,22:00:32,Pending,461
8178,861,16,Dal Makhani,2023-08-18,19:45:35,Completed,325
8179,725,44,Margherita Pizza,2025-04-15,18:27:55,Completed,857
8180,569,101,Pav Bhaji,2024-05-25,12:10:31,Completed,564
8181,248,108,Farmhouse Pizza,2025-04-24,14:33:22,Completed,254
8182,385,15,Pav Bhaji,2024-07-04,19:22:56,Completed,852
8183,868,180,Butter Chicken,2023-03-10,13:29:07,Completed,418
8184,76,139,Margherita Pizza,2024-11-14,21:07:05,Completed,883
8185,563,35,Masala Dosa,2025-06-06,15:03:37,Completed,354
8186,665,182,Fish Curry,2025-04-20,15:28:24,Completed,518
8187,777,71,Butter Chicken,2024-10-30,19:51:07,Completed,500
8188,272,9,Veg Fried Rice,2025-01-23,20:23:45,Completed,898
8189,534,55,Chole Bhature,2024-07-21,13:59:26,Completed,251
8190,736,155,Paneer Butter Masala,2023-01-12,13:53:13,Pending,123
8191,766,4,Caesar Salad,2023-11-23,22:00:45,Completed,896
8192,828,137,Farmhouse Pizza,2023-10-05,18:16:47,Completed,145
8193,864,194,Chicken Tikka,2023-06-25,21:46:31,Completed,185
8194,703,196,Veg Fried Rice,2024-02-05,13:35:30,Completed,531
8195,101,161,Chicken Biryani,2023-02-14,10:53:47,Completed,894
8196,67,110,Veg Fried Rice,2024-12-09,16:16:56,Completed,622
8197,644,23,Margherita Pizza,2024-07-15,18:56:16,Completed,214
8198,135,57,Veg Biryani,2024-05-24,21:03:25,Completed,309
8199,347,31,Chicken Biryani,2025-01-26,20:06:33,Pending,708
8200,642,197,Hakka Noodles,2025-01-30,09:44:58,Pending,713
8201,671,130,Veg Biryani,2024-04-29,09:05:19,Completed,335
8202,462,8,Butter Chicken,2024-07-22,17:09:20,Completed,592
8203,297,67,Dal Makhani,2024-10-22,11:23:03,Completed,766
8204,528,5,Farmhouse Pizza,2024-06-14,18:02:57,Completed,558
8205,911,116,Margherita Pizza,2025-01-02,11:50:17,Completed,833
8206,705,200,Burger,2024-08-28,21:15:37,Completed,599
8207,663,96,Chicken Tikka,2024-10-04,15:53:34,Completed,935
8208,878,163,Margherita Pizza,2024-05-06,18:48:22,Completed,508
8209,469,110,Veg Momos,2023-12-30,19:23:45,Completed,281
8210,771,109,Margherita Pizza,2025-02-17,21:46:51,Completed,295
8211,141,32,Masala Dosa,2023-10-29,12:17:26,Completed,266
8212,446,10,Farmhouse Pizza,2024-02-03,22:43:19,Completed,616
8213,923,88,Margherita Pizza,2023-11-22,18:33:33,Completed,458
8214,256,87,Masala Dosa,2023-09-30,22:19:20,Completed,713
8215,702,137,Pav Bhaji,2023-08-11,22:21:43,Completed,270
8216,485,143,Chicken Biryani,2023-10-07,13:19:39,Completed,431
8217,477,158,Veg Biryani,2023-09-20,22:31:48,Completed,305
8218,438,165,Butter Chicken,2024-02-09,10:34:11,Completed,375
8219,619,77,Paneer Butter Masala,2024-10-28,18:24:39,Completed,802
8220,34,198,Veg Biryani,2023-06-15,21:49:05,Cancelled,854
8221,394,150,Paneer Butter Masala,2023-06-13,18:54:19,Pending,374
8222,883,82,Chicken Biryani,2024-10-03,18:05:06,Completed,143
8223,424,170,Chole Bhature,2024-02-18,14:43:58,Completed,432
8224,176,21,Masala Dosa,2024-05-18,17:16:16,Completed,543
8225,288,1,Veg Momos,2023-07-24,12:39:54,Completed,448
8226,385,169,Dal Makhani,2023-12-30,20:28:15,Completed,196
8227,471,51,Dal Makhani,2023-05-29,14:21:41,Completed,626
8228,918,129,Chicken Tikka,2025-01-16,10:16:49,Completed,157
8229,484,91,Dal Makhani,2025-01-18,21:59:43,Completed,497
8230,342,191,Caesar Salad,2023-01-24,14:45:59,Completed,732
8231,693,44,Dal Makhani,2024-12-29,21:53:57,Completed,269
8232,233,159,Butter Chicken,2024-12-12,14:58:59,Completed,445
8233,54,200,Veg Fried Rice,2025-06-15,18:19:54,Completed,583
8234,257,157,Hakka Noodles,2025-01-05,21:45:06,Completed,525
8235,299,100,Veg Biryani,2024-02-18,12:01:16,Completed,223
8236,139,183,Hakka Noodles,2023-07-30,20:56:03,Completed,623
8237,26,124,Burger,2024-05-25,21:56:26,Completed,929
8238,484,119,Idli Sambar,2024-01-25,09:46:01,Completed,530
8239,64,34,Dal Makhani,2023-10-17,11:27:14,Completed,871
8240,472,156,Masala Dosa,2025-02-19,15:07:38,Completed,631
8241,281,70,Farmhouse Pizza,2025-06-01,19:31:00,Completed,366
8242,935,4,Paneer Butter Masala,2024-07-01,22:15:01,Completed,881
8243,233,176,Hakka Noodles,2023-07-11,19:23:35,Completed,825
8244,687,87,Margherita Pizza,2024-01-14,15:25:51,Completed,353
8245,492,62,Margherita Pizza,2023-08-09,22:22:33,Cancelled,401
8246,700,187,Pav Bhaji,2023-08-06,09:05:58,Completed,216
8247,413,146,Caesar Salad,2024-04-26,13:03:56,Completed,930
8248,733,31,Chole Bhature,2024-05-29,17:06:15,Pending,560
8249,487,93,Burger,2023-10-04,10:52:07,Completed,701
8250,76,190,Fish Curry,2023-05-30,15:23:28,Completed,721
8251,129,46,Masala Dosa,2024-03-21,16:23:11,Completed,848
8252,367,43,Chicken Momos,2025-05-15,18:50:39,Completed,594
8253,115,4,Chicken Tikka,2023-11-11,17:20:25,Completed,699
8254,707,37,Farmhouse Pizza,2024-07-20,18:19:12,Completed,307
8255,143,120,Chicken Momos,2023-10-28,16:22:26,Pending,787
8256,310,123,Idli Sambar,2025-06-03,18:41:30,Completed,383
8257,178,6,Masala Dosa,2024-03-18,21:34:15,Completed,511
8258,98,98,Masala Dosa,2023-03-19,21:55:10,Pending,709
8259,400,167,Veg Biryani,2024-06-02,21:11:34,Completed,360
8260,920,105,Hakka Noodles,2024-08-30,14:51:23,Completed,348
8261,152,198,Chicken Momos,2024-05-07,09:57:49,Completed,738
8262,97,42,Burger,2025-05-24,20:52:17,Completed,945
8263,618,36,Paneer Tikka,2023-10-05,10:36:38,Completed,511
8264,494,156,Veg Momos,2023-03-17,15:24:21,Completed,387
8265,390,38,Chicken Momos,2023-10-08,16:38:49,Completed,714
8266,607,24,Paneer Tikka,2023-03-16,17:59:20,Completed,930
8267,467,3,Paneer Tikka,2025-01-13,15:58:58,Completed,472
8268,627,117,Chicken Momos,2024-03-31,21:42:42,Completed,391
8269,350,24,Dal Makhani,2023-09-01,18:37:49,Completed,768
8270,306,19,Paneer Butter Masala,2023-12-27,22:53:17,Completed,805
8271,178,36,Farmhouse Pizza,2023-12-29,09:27:35,Completed,753
8272,937,115,Paneer Butter Masala,2023-12-26,11:40:03,Completed,514
8273,365,13,Chicken Momos,2025-05-23,22:49:35,Completed,360
8274,509,184,Butter Chicken,2023-10-21,16:08:32,Completed,895
8275,448,93,Hakka Noodles,2023-09-18,16:01:02,Completed,315
8276,448,134,Pav Bhaji,2023-02-28,16:36:35,Completed,782
8277,180,42,Caesar Salad,2023-01-06,19:57:10,Completed,786
8278,807,93,Veg Momos,2023-08-11,16:35:04,Completed,579
8279,892,162,Paneer Tikka,2025-03-28,16:39:19,Completed,874
8280,801,169,Chicken Momos,2024-02-11,20:22:55,Completed,174
8281,781,134,Margherita Pizza,2025-02-25,10:26:26,Completed,826
8282,218,17,Idli Sambar,2024-02-01,12:01:36,Completed,153
8283,114,98,Paneer Butter Masala,2025-05-16,17:35:54,Completed,325
8284,356,87,Chicken Momos,2025-06-30,16:55:51,Completed,414
8285,518,24,Veg Momos,2024-12-19,22:32:52,Completed,580
8286,591,65,Veg Momos,2023-04-25,21:58:51,Completed,384
8287,312,47,Paneer Butter Masala,2024-09-30,15:24:58,Completed,355
8288,251,46,Masala Dosa,2023-02-21,22:07:14,Completed,584
8289,150,20,Chole Bhature,2024-10-13,10:05:42,Completed,684
8290,978,170,Farmhouse Pizza,2025-02-08,21:58:35,Completed,237
8291,843,184,Butter Chicken,2023-10-24,20:57:05,Completed,540
8292,905,149,Veg Biryani,2024-07-16,12:17:44,Completed,477
8293,410,190,Masala Dosa,2024-11-08,21:47:22,Completed,178
8294,520,32,Veg Momos,2023-11-28,18:14:51,Cancelled,186
8295,423,32,Chicken Momos,2023-01-28,10:39:45,Completed,797
8296,155,71,Veg Fried Rice,2025-04-02,17:19:46,Completed,328
8297,573,67,Margherita Pizza,2024-03-21,11:51:15,Completed,348
8298,37,5,Margherita Pizza,2024-03-25,13:51:22,Completed,607
8299,550,21,Chicken Tikka,2023-02-12,16:13:25,Completed,137
8300,568,79,Idli Sambar,2025-03-14,10:47:34,Completed,442
8301,75,9,Chicken Momos,2024-09-02,18:36:11,Completed,453
8302,550,196,Pav Bhaji,2023-11-14,20:25:22,Cancelled,370
8303,673,109,Paneer Butter Masala,2023-12-09,15:11:00,Completed,329
8304,736,115,Idli Sambar,2024-01-09,18:58:01,Completed,809
8305,769,155,Chicken Tikka,2024-04-23,11:29:45,Completed,886
8306,829,104,Fish Curry,2025-05-28,11:50:02,Completed,916
8307,895,77,Paneer Tikka,2025-03-12,20:22:45,Completed,248
8308,159,104,Veg Momos,2023-10-20,13:41:08,Completed,150
8309,342,154,Pav Bhaji,2023-03-13,11:35:33,Completed,510
8310,777,81,Veg Biryani,2024-01-08,13:53:38,Completed,567
8311,558,77,Veg Fried Rice,2023-05-13,14:41:26,Completed,218
8312,359,174,Caesar Salad,2023-08-09,19:19:36,Completed,635
8313,183,165,Caesar Salad,2023-09-03,20:52:46,Completed,308
8314,601,192,Veg Momos,2023-03-03,12:36:27,Completed,635
8315,31,16,Hakka Noodles,2024-08-18,13:57:22,Completed,727
8316,675,120,Idli Sambar,2024-10-18,21:03:59,Completed,507
8317,710,23,Hakka Noodles,2024-08-26,17:11:43,Completed,667
8318,328,139,Chicken Biryani,2023-05-15,11:44:44,Completed,222
8319,579,177,Chole Bhature,2023-06-23,20:12:37,Completed,808
8320,850,114,Chicken Biryani,2025-05-08,18:38:25,Completed,675
8321,276,22,Chicken Momos,2023-03-27,11:49:26,Completed,155
8322,963,30,Veg Biryani,2023-05-04,22:23:33,Completed,122
8323,7,133,Veg Momos,2025-04-03,10:10:02,Completed,523
8324,232,2,Veg Momos,2023-03-23,09:17:38,Completed,334
8325,487,102,Paneer Butter Masala,2023-07-09,20:46:36,Completed,501
8326,744,199,Burger,2024-07-25,11:20:03,Completed,441
8327,931,76,Fish Curry,2023-03-08,13:03:49,Completed,868
8328,621,64,Veg Momos,2023-05-15,12:48:30,Completed,864
8329,851,157,Hakka Noodles,2024-11-01,10:43:27,Completed,513
8330,339,124,Burger,2023-08-24,14:02:53,Completed,140
8331,377,96,Paneer Butter Masala,2023-03-13,17:57:29,Completed,434
8332,113,167,Paneer Tikka,2024-08-26,21:05:52,Completed,471
8333,782,100,Butter Chicken,2025-04-18,20:06:55,Completed,879
8334,322,90,Chicken Tikka,2024-05-13,22:58:13,Completed,429
8335,868,28,Veg Biryani,2025-05-12,21:17:50,Completed,935
8336,904,84,Chicken Tikka,2023-01-22,16:37:24,Cancelled,628
8337,33,92,Butter Chicken,2024-07-21,20:08:51,Completed,786
8338,454,179,Idli Sambar,2024-12-30,12:07:17,Completed,440
8339,148,135,Masala Dosa,2023-04-01,22:12:58,Completed,216
8340,210,198,Paneer Tikka,2024-04-22,17:43:51,Completed,644
8341,567,123,Veg Fried Rice,2025-04-09,19:48:05,Completed,140
8342,423,73,Chole Bhature,2023-11-23,10:25:48,Completed,281
8343,412,119,Caesar Salad,2024-01-18,17:26:50,Completed,617
8344,585,155,Farmhouse Pizza,2024-09-24,12:45:02,Completed,134
8345,372,46,Veg Momos,2023-12-17,10:07:29,Completed,866
8346,498,80,Burger,2023-02-26,16:09:30,Completed,149
8347,102,93,Butter Chicken,2025-03-13,16:36:50,Completed,545
8348,515,77,Butter Chicken,2024-06-25,15:30:26,Completed,142
8349,179,44,Dal Makhani,2024-03-10,21:43:05,Completed,531
8350,363,68,Veg Biryani,2024-03-15,10:50:15,Completed,759
8351,299,112,Paneer Tikka,2023-05-11,21:22:41,Completed,734
8352,896,163,Idli Sambar,2023-12-27,19:25:19,Completed,602
8353,328,166,Chicken Tikka,2024-01-21,14:05:03,Completed,894
8354,438,198,Chicken Biryani,2024-04-29,18:03:30,Completed,262
8355,755,94,Chicken Momos,2024-11-16,14:56:07,Completed,661
8356,7,52,Margherita Pizza,2024-09-21,11:19:18,Completed,777
8357,794,115,Fish Curry,2024-04-15,20:50:45,Completed,609
8358,257,62,Dal Makhani,2024-10-07,18:30:25,Pending,739
8359,80,30,Fish Curry,2023-12-23,09:58:34,Completed,492
8360,281,191,Hakka Noodles,2023-07-16,17:30:53,Completed,462
8361,29,16,Burger,2023-05-28,15:42:16,Completed,396
8362,868,111,Margherita Pizza,2023-11-24,09:27:13,Cancelled,578
8363,483,177,Veg Momos,2024-08-27,21:19:18,Completed,456
8364,155,113,Veg Momos,2025-01-16,12:50:45,Completed,603
8365,725,196,Chicken Momos,2023-09-17,15:55:28,Completed,749
8366,441,37,Caesar Salad,2023-03-06,21:33:16,Completed,227
8367,844,50,Chole Bhature,2023-01-16,20:44:27,Completed,350
8368,520,51,Chicken Momos,2023-04-07,21:27:45,Completed,487
8369,798,117,Masala Dosa,2023-02-13,20:56:08,Completed,332
8370,601,130,Masala Dosa,2023-07-09,19:39:54,Completed,624
8371,772,44,Pav Bhaji,2024-01-19,19:11:30,Completed,361
8372,66,111,Margherita Pizza,2024-05-21,16:12:09,Completed,185
8373,421,164,Farmhouse Pizza,2024-06-10,19:23:56,Completed,701
8374,301,7,Hakka Noodles,2023-09-06,22:07:49,Completed,387
8375,390,110,Caesar Salad,2023-06-20,22:34:16,Completed,469
8376,242,128,Chicken Biryani,2023-11-30,21:25:55,Completed,774
8377,462,20,Chicken Tikka,2024-12-29,12:16:38,Completed,921
8378,69,53,Paneer Butter Masala,2024-12-15,19:00:24,Cancelled,511
8379,119,150,Hakka Noodles,2024-01-19,09:26:10,Completed,247
8380,40,16,Chicken Momos,2025-02-13,21:50:48,Completed,366
8381,768,91,Pav Bhaji,2023-05-04,21:39:32,Completed,626
8382,504,154,Paneer Butter Masala,2025-06-13,19:05:49,Completed,471
8383,568,51,Farmhouse Pizza,2023-09-30,20:15:11,Completed,152
8384,538,160,Farmhouse Pizza,2024-05-14,13:20:00,Completed,651
8385,511,32,Veg Fried Rice,2024-02-24,13:17:21,Completed,580
8386,895,146,Paneer Butter Masala,2024-05-03,11:32:17,Cancelled,723
8387,37,37,Paneer Butter Masala,2023-03-04,12:40:39,Completed,923
8388,369,8,Farmhouse Pizza,2024-06-02,18:38:46,Completed,320
8389,414,184,Dal Makhani,2023-08-11,14:37:50,Completed,824
8390,95,5,Chicken Tikka,2025-03-09,17:45:08,Completed,614
8391,291,17,Chole Bhature,2025-06-20,12:06:44,Completed,772
8392,736,117,Chole Bhature,2023-01-02,13:04:15,Completed,685
8393,543,175,Dal Makhani,2024-11-01,17:44:37,Completed,416
8394,806,197,Pav Bhaji,2024-12-05,16:47:21,Completed,263
8395,390,146,Chole Bhature,2024-12-05,12:44:40,Completed,888
8396,945,38,Veg Biryani,2024-08-01,09:34:19,Completed,619
8397,151,107,Masala Dosa,2025-02-12,21:28:24,Completed,601
8398,532,199,Margherita Pizza,2023-03-29,18:15:34,Completed,565
8399,341,93,Paneer Butter Masala,2024-11-11,15:43:19,Completed,337
8400,957,185,Idli Sambar,2024-10-29,13:53:08,Completed,786
8401,317,154,Dal Makhani,2025-01-18,12:42:50,Completed,574
8402,462,162,Chicken Momos,2023-07-15,20:45:10,Completed,632
8403,943,65,Farmhouse Pizza,2023-10-07,09:32:06,Completed,788
8404,506,129,Veg Fried Rice,2024-10-28,13:01:45,Completed,276
8405,604,143,Veg Momos,2023-12-14,10:00:12,Completed,738
8406,807,129,Veg Biryani,2025-01-05,10:54:25,Pending,330
8407,839,56,Chicken Momos,2024-10-05,19:40:54,Completed,424
8408,192,176,Hakka Noodles,2024-01-15,17:59:08,Pending,495
8409,208,189,Chicken Tikka,2024-10-31,14:35:56,Cancelled,928
8410,514,37,Paneer Butter Masala,2024-12-12,20:42:57,Completed,456
8411,201,147,Chicken Biryani,2023-02-24,15:52:30,Completed,688
8412,744,176,Chicken Biryani,2024-12-05,22:47:38,Completed,529
8413,151,121,Burger,2024-12-26,21:09:07,Completed,566
8414,285,85,Caesar Salad,2024-08-11,12:56:25,Completed,910
8415,477,185,Paneer Butter Masala,2023-01-05,19:49:36,Completed,811
8416,324,170,Chicken Tikka,2024-03-23,10:21:07,Completed,136
8417,173,16,Hakka Noodles,2025-02-11,16:22:29,Completed,877
8418,26,116,Butter Chicken,2023-08-30,09:12:07,Completed,438
8419,706,82,Idli Sambar,2024-02-26,22:23:30,Completed,534
8420,656,176,Chole Bhature,2025-02-06,16:32:24,Completed,279
8421,217,157,Hakka Noodles,2024-01-17,14:22:20,Completed,862
8422,372,25,Masala Dosa,2025-05-26,10:44:50,Completed,437
8423,239,200,Pav Bhaji,2025-04-25,13:03:22,Completed,216
8424,749,93,Veg Fried Rice,2024-06-22,19:27:40,Completed,804
8425,110,143,Chicken Tikka,2025-04-13,09:11:20,Completed,141
8426,341,66,Fish Curry,2023-12-03,10:54:10,Cancelled,474
8427,762,10,Pav Bhaji,2024-11-30,09:44:55,Completed,766
8428,691,121,Chole Bhature,2023-09-14,21:02:00,Cancelled,750
8429,966,183,Chicken Momos,2023-03-18,20:46:46,Completed,205
8430,809,5,Paneer Tikka,2023-06-21,15:23:05,Completed,732
8431,39,9,Butter Chicken,2024-06-19,15:49:53,Completed,474
8432,280,62,Burger,2023-11-26,12:55:35,Completed,444
8433,578,19,Chicken Tikka,2024-12-19,18:50:18,Completed,506
8434,948,73,Fish Curry,2023-05-13,20:37:07,Cancelled,574
8435,913,159,Dal Makhani,2024-07-04,18:53:48,Pending,816
8436,942,71,Veg Fried Rice,2024-10-06,16:47:04,Completed,373
8437,250,82,Butter Chicken,2023-01-23,11:56:35,Completed,223
8438,325,122,Fish Curry,2024-12-31,16:06:49,Cancelled,424
8439,388,136,Veg Biryani,2024-05-11,11:23:55,Pending,287
8440,927,44,Fish Curry,2023-02-05,22:40:39,Pending,618
8441,462,1,Farmhouse Pizza,2023-08-07,13:59:55,Cancelled,381
8442,820,132,Pav Bhaji,2025-03-09,17:23:27,Completed,306
8443,951,127,Paneer Butter Masala,2025-03-08,16:45:59,Completed,865
8444,626,23,Caesar Salad,2023-03-01,09:07:35,Completed,248
8445,46,169,Idli Sambar,2023-10-11,12:11:50,Completed,152
8446,886,137,Dal Makhani,2023-03-08,15:15:58,Completed,915
8447,459,46,Margherita Pizza,2024-03-19,13:21:30,Completed,822
8448,989,87,Fish Curry,2024-12-02,17:07:20,Completed,816
8449,402,159,Farmhouse Pizza,2023-12-19,21:28:05,Pending,273
8450,896,91,Caesar Salad,2023-02-25,17:45:04,Completed,278
8451,289,4,Hakka Noodles,2024-01-03,12:35:50,Completed,146
8452,677,15,Veg Fried Rice,2025-04-05,10:03:28,Completed,647
8453,911,45,Butter Chicken,2023-12-19,12:23:21,Completed,456
8454,47,28,Paneer Tikka,2024-09-13,10:21:11,Completed,483
8455,101,156,Veg Biryani,2023-03-07,11:16:19,Completed,597
8456,563,37,Paneer Butter Masala,2023-08-12,15:40:06,Completed,165
8457,705,170,Paneer Butter Masala,2025-03-16,14:40:44,Completed,380
8458,833,192,Caesar Salad,2025-02-21,22:04:58,Completed,667
8459,958,132,Margherita Pizza,2025-03-05,18:07:34,Completed,703
8460,299,29,Farmhouse Pizza,2024-06-16,12:33:48,Completed,440
8461,733,167,Paneer Tikka,2023-01-04,13:02:08,Completed,471
8462,839,45,Idli Sambar,2024-01-12,11:53:36,Pending,743
8463,868,158,Veg Momos,2024-06-15,22:20:15,Completed,255
8464,60,103,Paneer Butter Masala,2025-03-11,14:19:27,Completed,831
8465,98,125,Caesar Salad,2025-05-30,13:54:08,Completed,694
8466,727,83,Chicken Momos,2025-04-30,17:25:40,Cancelled,259
8467,784,194,Burger,2024-09-23,21:42:47,Completed,346
8468,678,135,Veg Biryani,2023-02-21,18:32:22,Cancelled,165
8469,835,161,Chicken Tikka,2024-05-02,11:30:53,Completed,412
8470,53,2,Chicken Biryani,2025-03-04,18:01:33,Completed,781
8471,635,187,Butter Chicken,2025-01-06,11:41:37,Completed,892
8472,209,92,Idli Sambar,2025-06-23,10:40:03,Completed,341
8473,386,21,Dal Makhani,2023-06-15,17:40:08,Completed,335
8474,915,147,Pav Bhaji,2025-03-17,14:18:54,Pending,788
8475,229,182,Pav Bhaji,2024-01-25,14:50:02,Completed,293
8476,955,130,Butter Chicken,2023-08-11,19:44:30,Completed,713
8477,820,20,Farmhouse Pizza,2024-01-26,10:27:15,Completed,716
8478,231,182,Margherita Pizza,2023-10-30,17:59:52,Completed,743
8479,342,17,Veg Biryani,2023-03-01,10:51:47,Completed,634
8480,217,165,Farmhouse Pizza,2023-09-22,10:02:19,Completed,304
8481,494,76,Fish Curry,2023-07-19,21:55:12,Completed,436
8482,359,122,Paneer Tikka,2024-03-03,11:36:54,Completed,327
8483,937,190,Veg Fried Rice,2025-04-07,16:35:44,Completed,590
8484,51,85,Veg Fried Rice,2024-06-16,17:57:38,Cancelled,278
8485,473,15,Pav Bhaji,2023-08-28,17:31:01,Completed,286
8486,117,163,Veg Biryani,2023-02-21,16:02:56,Completed,643
8487,976,41,Pav Bhaji,2023-08-09,10:34:46,Completed,234
8488,562,177,Fish Curry,2024-12-31,22:32:12,Completed,539
8489,559,16,Idli Sambar,2024-05-08,09:02:57,Completed,719
8490,438,18,Pav Bhaji,2023-05-05,15:24:53,Completed,261
8491,872,50,Chicken Momos,2024-08-23,18:57:50,Completed,855
8492,952,144,Butter Chicken,2023-01-04,12:00:51,Cancelled,310
8493,680,3,Idli Sambar,2024-04-08,21:51:43,Pending,310
8494,916,35,Dal Makhani,2023-09-11,13:58:02,Completed,216
8495,969,179,Veg Biryani,2024-06-26,12:52:17,Completed,402
8496,198,26,Dal Makhani,2025-05-20,21:28:36,Completed,497
8497,72,143,Margherita Pizza,2023-07-17,19:07:40,Completed,677
8498,134,98,Idli Sambar,2024-10-11,09:52:36,Pending,327
8499,230,27,Paneer Tikka,2023-10-12,20:21:54,Pending,905
8500,186,106,Idli Sambar,2024-02-07,13:46:12,Completed,711
8501,407,192,Paneer Tikka,2025-06-17,20:54:21,Completed,183
8502,892,155,Chicken Biryani,2024-02-20,19:21:08,Completed,873
8503,703,36,Veg Fried Rice,2024-02-08,19:27:00,Completed,664
8504,292,52,Margherita Pizza,2025-06-08,13:31:09,Completed,862
8505,99,27,Dal Makhani,2024-02-29,22:31:38,Completed,698
8506,884,62,Chicken Biryani,2025-02-17,09:19:17,Completed,477
8507,66,199,Chicken Tikka,2024-08-28,21:00:01,Completed,781
8508,789,160,Chole Bhature,2024-06-30,14:18:37,Completed,820
8509,32,185,Pav Bhaji,2023-05-09,09:56:51,Completed,717
8510,545,17,Veg Fried Rice,2024-03-05,12:01:47,Completed,500
8511,995,13,Chicken Tikka,2023-01-19,15:21:43,Completed,787
8512,2,75,Veg Fried Rice,2025-03-03,18:51:32,Completed,715
8513,412,129,Veg Momos,2024-12-23,22:32:32,Completed,200
8514,252,167,Butter Chicken,2023-06-01,11:21:33,Completed,451
8515,447,158,Caesar Salad,2023-07-29,16:17:37,Completed,133
8516,146,198,Fish Curry,2025-03-28,21:20:15,Completed,785
8517,16,41,Butter Chicken,2024-04-28,11:53:23,Pending,548
8518,622,74,Hakka Noodles,2024-08-02,20:51:59,Completed,470
8519,816,166,Fish Curry,2025-02-26,20:51:53,Completed,452
8520,546,104,Paneer Tikka,2024-07-25,10:47:42,Completed,569
8521,987,123,Caesar Salad,2024-06-09,18:40:16,Completed,270
8522,967,23,Veg Biryani,2025-01-13,22:18:45,Cancelled,613
8523,93,127,Idli Sambar,2023-12-04,14:55:21,Completed,820
8524,416,107,Burger,2023-05-08,12:33:26,Completed,838
8525,13,117,Pav Bhaji,2023-07-18,16:24:12,Completed,432
8526,227,130,Masala Dosa,2024-11-07,10:52:47,Completed,137
8527,556,105,Fish Curry,2024-06-18,11:38:44,Cancelled,223
8528,628,63,Margherita Pizza,2023-10-17,20:04:09,Completed,485
8529,286,56,Veg Momos,2023-07-24,11:33:06,Completed,919
8530,691,90,Veg Fried Rice,2025-04-23,19:32:58,Completed,140
8531,727,172,Chole Bhature,2024-12-21,20:45:40,Completed,248
8532,654,103,Masala Dosa,2025-05-29,09:48:41,Pending,857
8533,952,78,Margherita Pizza,2023-11-08,20:51:59,Completed,370
8534,310,37,Burger,2024-07-18,17:17:04,Completed,675
8535,546,10,Chicken Biryani,2024-12-15,22:20:35,Completed,774
8536,755,8,Chicken Tikka,2023-04-30,18:08:23,Completed,821
8537,805,70,Chicken Biryani,2023-12-15,12:46:18,Completed,125
8538,940,190,Chicken Momos,2023-04-05,19:29:52,Completed,623
8539,917,178,Veg Fried Rice,2024-07-30,19:16:05,Completed,943
8540,860,189,Caesar Salad,2023-08-11,19:19:58,Completed,475
8541,420,200,Chicken Tikka,2024-10-08,18:03:16,Completed,385
8542,808,168,Chicken Tikka,2025-06-07,10:10:45,Completed,632
8543,861,6,Chicken Momos,2025-03-19,14:09:33,Completed,363
8544,846,106,Paneer Tikka,2024-04-21,14:29:59,Completed,492
8545,466,132,Veg Fried Rice,2023-03-14,10:36:59,Cancelled,667
8546,826,57,Veg Biryani,2023-02-22,09:28:44,Completed,275
8547,791,104,Veg Fried Rice,2024-09-20,15:17:04,Completed,434
8548,917,150,Veg Biryani,2023-01-11,18:08:25,Completed,373
8549,783,74,Paneer Tikka,2024-07-17,12:50:46,Completed,696
8550,127,106,Chole Bhature,2023-02-06,10:05:33,Completed,949
8551,900,74,Chole Bhature,2024-10-22,22:25:29,Completed,432
8552,821,82,Paneer Tikka,2023-06-11,11:15:23,Completed,749
8553,157,147,Margherita Pizza,2024-11-14,16:03:41,Completed,796
8554,110,160,Farmhouse Pizza,2023-10-03,19:38:08,Completed,244
8555,234,106,Paneer Butter Masala,2025-03-30,20:17:33,Pending,136
8556,887,65,Chicken Momos,2024-07-19,18:28:53,Completed,792
8557,341,70,Chicken Tikka,2023-09-24,17:07:07,Completed,712
8558,213,32,Butter Chicken,2024-09-21,21:32:25,Completed,369
8559,751,16,Farmhouse Pizza,2024-06-14,18:20:21,Pending,584
8560,965,1,Chicken Tikka,2023-03-05,15:16:37,Completed,198
8561,313,90,Chicken Biryani,2025-03-21,14:43:35,Cancelled,378
8562,10,192,Pav Bhaji,2024-10-22,12:40:09,Completed,614
8563,737,124,Paneer Butter Masala,2023-10-21,18:28:53,Completed,840
8564,58,164,Veg Fried Rice,2023-05-31,14:14:00,Completed,721
8565,415,140,Pav Bhaji,2023-08-10,18:39:23,Cancelled,486
8566,461,46,Caesar Salad,2024-08-17,15:02:23,Completed,412
8567,964,44,Veg Biryani,2023-12-29,10:16:39,Completed,351
8568,657,91,Chole Bhature,2024-09-17,09:54:33,Completed,583
8569,409,39,Hakka Noodles,2024-12-02,16:50:08,Completed,232
8570,698,145,Pav Bhaji,2024-12-10,11:38:37,Completed,469
8571,27,175,Fish Curry,2024-04-18,09:03:29,Completed,304
8572,267,174,Hakka Noodles,2023-12-29,09:24:35,Completed,142
8573,707,11,Masala Dosa,2024-11-27,17:12:14,Completed,579
8574,356,104,Paneer Butter Masala,2023-10-15,11:13:35,Pending,909
8575,117,118,Paneer Butter Masala,2023-08-04,09:02:47,Completed,613
8576,876,13,Veg Biryani,2023-07-08,14:21:56,Pending,785
8577,307,148,Masala Dosa,2023-04-02,11:18:50,Completed,721
8578,384,19,Pav Bhaji,2023-01-07,20:33:21,Completed,232
8579,487,134,Veg Fried Rice,2025-04-21,20:29:13,Cancelled,230
8580,210,173,Masala Dosa,2023-09-13,17:37:14,Completed,129
8581,346,159,Farmhouse Pizza,2024-10-13,10:01:52,Pending,481
8582,498,30,Idli Sambar,2025-04-27,21:32:30,Completed,338
8583,441,21,Chicken Momos,2023-01-22,19:14:14,Completed,329
8584,176,43,Hakka Noodles,2024-12-28,11:58:52,Completed,271
8585,658,189,Veg Biryani,2024-08-08,13:03:55,Completed,197
8586,469,119,Idli Sambar,2025-01-22,22:19:11,Completed,528
8587,274,138,Idli Sambar,2023-10-03,18:30:37,Completed,692
8588,493,154,Masala Dosa,2024-04-22,15:17:08,Completed,550
8589,479,173,Chicken Biryani,2023-11-02,16:18:12,Completed,221
8590,538,62,Chole Bhature,2023-04-09,12:53:44,Completed,165
8591,237,175,Farmhouse Pizza,2025-05-11,22:46:35,Completed,405
8592,165,187,Idli Sambar,2023-04-11,11:32:19,Completed,876
8593,505,64,Veg Biryani,2023-07-12,09:38:47,Completed,454
8594,236,12,Veg Biryani,2023-12-23,19:44:29,Completed,496
8595,33,160,Chicken Momos,2023-03-22,21:24:15,Cancelled,488
8596,313,195,Paneer Tikka,2025-04-09,13:35:13,Completed,881
8597,906,31,Dal Makhani,2024-06-07,10:25:19,Completed,944
8598,456,92,Fish Curry,2023-03-29,17:36:29,Completed,386
8599,344,83,Pav Bhaji,2024-02-18,14:04:41,Completed,131
8600,492,145,Margherita Pizza,2024-09-06,10:09:31,Completed,235
8601,974,90,Paneer Tikka,2025-04-17,09:05:56,Completed,449
8602,176,48,Veg Biryani,2024-02-14,17:05:18,Pending,167
8603,643,200,Chicken Tikka,2024-06-17,17:32:11,Pending,165
8604,740,131,Paneer Tikka,2024-02-29,21:36:24,Completed,839
8605,953,190,Paneer Tikka,2025-05-13,19:23:54,Completed,938
8606,163,167,Veg Fried Rice,2023-05-10,21:35:26,Completed,949
8607,634,160,Farmhouse Pizza,2023-03-29,18:58:38,Completed,922
8608,605,195,Butter Chicken,2023-01-10,22:53:47,Completed,403
8609,267,155,Fish Curry,2025-03-21,14:09:23,Completed,162
8610,828,52,Veg Fried Rice,2025-06-12,17:33:20,Completed,923
8611,373,42,Burger,2023-02-26,13:16:27,Completed,625
8612,577,163,Chole Bhature,2024-03-01,20:49:26,Completed,619
8613,634,57,Dal Makhani,2023-01-04,22:42:50,Completed,411
8614,310,144,Idli Sambar,2023-02-14,19:14:52,Completed,329
8615,209,174,Chole Bhature,2024-08-30,16:56:31,Completed,274
8616,919,58,Veg Momos,2025-06-26,11:26:05,Completed,886
8617,798,42,Burger,2023-05-13,09:27:22,Completed,649
8618,134,179,Veg Momos,2025-04-11,14:09:07,Completed,653
8619,198,174,Pav Bhaji,2025-04-08,17:49:30,Completed,789
8620,606,20,Chicken Biryani,2024-12-23,16:21:40,Completed,803
8621,813,117,Pav Bhaji,2023-07-19,18:20:26,Cancelled,190
8622,700,15,Idli Sambar,2025-03-01,17:03:53,Completed,626
8623,406,19,Farmhouse Pizza,2023-04-25,16:39:52,Completed,608
8624,184,72,Burger,2023-03-21,22:57:53,Completed,400
8625,565,117,Pav Bhaji,2024-04-02,19:01:53,Completed,926
8626,802,179,Pav Bhaji,2025-01-19,12:22:06,Completed,469
8627,838,32,Fish Curry,2023-05-27,19:13:05,Completed,182
8628,437,164,Burger,2023-12-05,14:43:08,Completed,447
8629,287,65,Chole Bhature,2024-10-31,17:24:09,Completed,950
8630,448,198,Veg Biryani,2023-10-27,09:20:56,Completed,596
8631,719,98,Chole Bhature,2023-06-10,19:15:04,Completed,139
8632,511,171,Veg Momos,2024-02-06,16:41:36,Cancelled,484
8633,2,37,Margherita Pizza,2023-12-17,10:52:00,Completed,767
8634,947,71,Idli Sambar,2023-05-27,10:55:53,Completed,747
8635,122,122,Farmhouse Pizza,2024-07-09,15:14:22,Completed,725
8636,362,137,Chole Bhature,2024-11-08,15:44:41,Pending,488
8637,493,102,Butter Chicken,2024-01-18,19:12:19,Cancelled,276
8638,406,140,Masala Dosa,2025-04-22,22:21:10,Completed,556
8639,854,6,Margherita Pizza,2025-02-13,20:48:10,Completed,522
8640,531,5,Chicken Momos,2024-07-08,20:51:19,Completed,754
8641,421,147,Farmhouse Pizza,2024-10-11,10:55:00,Completed,475
8642,945,199,Veg Momos,2023-07-21,17:35:26,Completed,620
8643,687,165,Paneer Tikka,2025-05-22,13:44:32,Completed,772
8644,20,161,Chicken Tikka,2023-01-21,15:44:58,Completed,582
8645,511,187,Fish Curry,2024-05-16,09:14:08,Completed,482
8646,404,13,Idli Sambar,2024-07-19,16:41:57,Completed,379
8647,202,99,Idli Sambar,2023-03-29,11:54:37,Completed,874
8648,715,20,Idli Sambar,2023-08-02,16:50:02,Pending,760
8649,619,144,Fish Curry,2025-04-21,12:38:04,Completed,679
8650,802,55,Chole Bhature,2025-05-14,09:03:53,Completed,568
8651,131,2,Dal Makhani,2023-07-30,17:44:14,Cancelled,881
8652,481,95,Chicken Momos,2023-11-02,15:35:15,Completed,701
8653,199,187,Veg Fried Rice,2023-08-18,20:02:12,Completed,243
8654,284,115,Idli Sambar,2025-01-15,20:22:22,Completed,205
8655,476,112,Veg Momos,2025-01-19,22:58:09,Completed,791
8656,826,55,Masala Dosa,2025-05-22,13:24:33,Completed,133
8657,414,71,Chicken Momos,2023-11-20,16:09:56,Cancelled,125
8658,773,134,Veg Momos,2024-11-28,17:16:03,Cancelled,428
8659,123,112,Hakka Noodles,2024-04-06,17:31:27,Completed,477
8660,134,40,Hakka Noodles,2023-06-03,19:39:24,Completed,143
8661,598,119,Veg Fried Rice,2025-04-11,11:11:12,Completed,813
8662,595,138,Caesar Salad,2025-05-14,21:01:12,Completed,842
8663,567,148,Margherita Pizza,2023-12-06,14:16:51,Completed,479
8664,130,81,Paneer Butter Masala,2024-08-25,17:42:03,Completed,404
8665,836,122,Paneer Tikka,2023-05-07,12:48:01,Cancelled,209
8666,823,60,Paneer Tikka,2023-04-20,12:00:11,Completed,378
8667,930,49,Paneer Butter Masala,2024-06-12,21:12:59,Cancelled,808
8668,980,191,Veg Fried Rice,2023-04-13,14:38:16,Completed,891
8669,370,181,Chicken Momos,2023-02-28,17:05:20,Completed,598
8670,174,92,Chicken Biryani,2023-11-02,18:16:14,Completed,744
8671,577,27,Idli Sambar,2023-01-10,14:43:55,Cancelled,384
8672,696,74,Veg Biryani,2024-05-11,11:08:23,Completed,276
8673,476,193,Veg Momos,2025-04-13,16:06:49,Completed,419
8674,154,68,Chole Bhature,2024-10-17,12:11:34,Completed,532
8675,294,116,Idli Sambar,2024-05-14,19:42:04,Completed,637
8676,826,57,Farmhouse Pizza,2024-04-15,11:25:01,Completed,609
8677,488,178,Pav Bhaji,2024-11-30,19:32:33,Completed,904
8678,401,182,Farmhouse Pizza,2025-05-06,09:21:58,Completed,231
8679,172,65,Fish Curry,2024-09-16,11:51:24,Completed,886
8680,405,91,Caesar Salad,2024-11-01,10:05:10,Completed,236
8681,748,72,Veg Momos,2025-03-24,21:01:59,Completed,786
8682,750,145,Paneer Tikka,2025-03-01,15:35:47,Completed,578
8683,986,137,Idli Sambar,2025-05-03,21:09:40,Completed,779
8684,292,192,Chole Bhature,2025-05-21,17:03:39,Cancelled,489
8685,606,2,Veg Fried Rice,2024-08-17,19:50:15,Completed,879
8686,636,15,Caesar Salad,2025-03-12,22:47:46,Completed,323
8687,20,188,Margherita Pizza,2023-08-01,14:01:38,Cancelled,261
8688,564,103,Chicken Momos,2024-12-28,12:39:25,Completed,821
8689,23,34,Butter Chicken,2023-04-14,14:55:00,Completed,834
8690,128,168,Burger,2023-02-16,15:36:13,Completed,815
8691,253,11,Dal Makhani,2023-03-04,12:44:12,Completed,709
8692,648,29,Masala Dosa,2024-04-07,16:43:13,Completed,722
8693,504,71,Dal Makhani,2025-02-17,14:26:01,Completed,170
8694,49,55,Paneer Tikka,2023-10-01,19:34:25,Completed,265
8695,644,152,Paneer Butter Masala,2023-01-30,22:52:56,Completed,841
8696,870,86,Caesar Salad,2025-03-20,15:13:55,Completed,571
8697,366,150,Dal Makhani,2024-08-27,17:13:50,Completed,126
8698,617,43,Chole Bhature,2023-04-14,11:40:47,Completed,439
8699,597,37,Hakka Noodles,2023-12-05,11:02:55,Completed,939
8700,859,156,Chicken Momos,2023-06-04,18:50:41,Completed,870
8701,266,194,Margherita Pizza,2025-02-09,10:15:53,Completed,244
8702,93,125,Chole Bhature,2025-05-01,14:16:51,Completed,159
8703,512,61,Paneer Butter Masala,2023-08-02,18:34:48,Completed,780
8704,11,122,Chicken Momos,2024-12-15,20:13:23,Completed,719
8705,284,39,Hakka Noodles,2024-03-26,20:33:23,Completed,892
8706,688,87,Farmhouse Pizza,2024-07-11,13:51:47,Pending,893
8707,245,31,Margherita Pizza,2025-05-20,14:08:51,Pending,829
8708,1,102,Fish Curry,2023-03-31,17:50:31,Completed,754
8709,112,94,Pav Bhaji,2024-04-16,20:17:04,Completed,402
8710,120,89,Farmhouse Pizza,2023-05-24,09:34:56,Completed,346
8711,861,185,Chicken Biryani,2024-06-19,22:08:33,Completed,164
8712,446,86,Veg Momos,2025-01-02,21:10:08,Completed,401
8713,517,181,Margherita Pizza,2024-09-06,10:27:57,Completed,375
8714,467,63,Dal Makhani,2024-05-29,19:29:53,Completed,814
8715,938,60,Dal Makhani,2024-04-27,12:46:14,Completed,696
8716,613,121,Margherita Pizza,2025-01-02,09:18:56,Completed,858
8717,102,102,Margherita Pizza,2025-03-12,09:34:22,Completed,367
8718,926,34,Chole Bhature,2025-02-14,09:59:28,Completed,323
8719,45,60,Pav Bhaji,2025-03-16,09:49:47,Pending,921
8720,294,162,Veg Biryani,2023-09-16,14:37:06,Completed,885
8721,767,174,Idli Sambar,2023-09-10,13:52:20,Completed,202
8722,774,112,Paneer Butter Masala,2024-04-01,09:21:47,Completed,445
8723,960,155,Veg Fried Rice,2025-01-15,20:26:50,Completed,264
8724,613,89,Veg Momos,2024-01-04,12:37:08,Completed,895
8725,130,11,Idli Sambar,2024-05-27,10:55:08,Completed,838
8726,772,183,Butter Chicken,2023-10-06,13:02:31,Completed,430
8727,113,11,Veg Fried Rice,2023-06-23,12:58:51,Completed,674
8728,7,183,Farmhouse Pizza,2023-08-29,16:47:57,Completed,850
8729,3,152,Veg Biryani,2024-07-11,11:14:05,Cancelled,153
8730,741,90,Paneer Butter Masala,2024-10-28,12:48:17,Completed,800
8731,160,69,Pav Bhaji,2023-01-14,18:04:01,Completed,161
8732,812,157,Pav Bhaji,2025-02-15,15:48:30,Completed,676
8733,889,110,Fish Curry,2025-04-08,09:01:43,Completed,341
8734,161,100,Paneer Tikka,2024-08-29,16:37:41,Completed,652
8735,714,27,Paneer Tikka,2023-01-14,21:00:58,Completed,624
8736,709,50,Hakka Noodles,2023-01-28,14:09:43,Completed,251
8737,159,193,Paneer Butter Masala,2023-12-01,10:52:40,Completed,379
8738,550,5,Chole Bhature,2023-01-24,11:24:52,Completed,444
8739,519,59,Veg Biryani,2024-10-19,09:38:44,Completed,161
8740,353,64,Butter Chicken,2025-04-29,16:02:41,Completed,874
8741,344,21,Chole Bhature,2024-02-24,18:21:33,Completed,745
8742,857,153,Chole Bhature,2025-02-25,12:00:04,Completed,612
8743,409,155,Farmhouse Pizza,2024-06-16,18:02:38,Pending,370
8744,433,148,Veg Fried Rice,2024-10-31,15:15:42,Completed,291
8745,262,194,Hakka Noodles,2024-09-28,13:14:51,Cancelled,618
8746,857,80,Veg Fried Rice,2024-08-13,20:30:19,Pending,768
8747,258,32,Veg Fried Rice,2023-04-14,14:55:30,Completed,817
8748,444,42,Paneer Butter Masala,2023-10-20,16:14:55,Completed,517
8749,597,12,Hakka Noodles,2023-06-25,21:53:01,Completed,826
8750,168,149,Masala Dosa,2024-06-07,20:31:20,Completed,758
8751,29,154,Chicken Biryani,2023-02-21,11:28:12,Completed,174
8752,150,159,Hakka Noodles,2024-03-12,11:56:51,Completed,308
8753,668,159,Idli Sambar,2024-03-01,14:59:10,Completed,818
8754,279,64,Chole Bhature,2024-08-30,19:35:37,Completed,154
8755,93,33,Caesar Salad,2024-09-09,16:15:16,Pending,175
8756,677,181,Chicken Tikka,2024-04-30,11:31:09,Completed,423
8757,230,143,Caesar Salad,2023-08-27,13:54:13,Cancelled,575
8758,674,145,Paneer Tikka,2023-12-09,10:03:40,Completed,132
8759,895,125,Idli Sambar,2024-01-23,17:19:46,Cancelled,793
8760,534,149,Farmhouse Pizza,2023-04-30,17:56:59,Completed,315
8761,628,132,Veg Momos,2024-12-20,18:38:59,Completed,439
8762,944,105,Caesar Salad,2024-07-06,09:23:49,Completed,821
8763,311,18,Veg Biryani,2024-02-11,12:47:08,Completed,778
8764,882,88,Burger,2024-04-20,10:04:48,Completed,856
8765,398,21,Burger,2025-06-28,21:47:36,Completed,312
8766,58,192,Fish Curry,2023-05-27,17:32:51,Completed,656
8767,975,55,Chole Bhature,2023-02-25,21:45:57,Completed,556
8768,876,192,Chicken Biryani,2025-01-08,12:20:10,Completed,708
8769,305,98,Paneer Tikka,2023-12-19,22:05:38,Completed,796
8770,588,46,Chicken Tikka,2023-06-24,20:16:32,Cancelled,146
8771,713,26,Idli Sambar,2025-05-03,12:35:06,Completed,341
8772,367,152,Chicken Tikka,2023-03-27,09:23:19,Completed,266
8773,686,159,Chicken Tikka,2023-08-16,10:09:20,Completed,859
8774,752,80,Chicken Biryani,2025-06-12,12:48:58,Completed,582
8775,975,129,Paneer Tikka,2023-08-02,21:56:51,Completed,817
8776,206,53,Paneer Butter Masala,2025-01-10,19:04:14,Pending,874
8777,248,33,Idli Sambar,2024-02-27,14:10:42,Completed,830
8778,848,32,Veg Fried Rice,2024-05-28,12:10:16,Completed,561
8779,360,172,Veg Momos,2024-07-05,10:59:18,Completed,589
8780,562,12,Paneer Tikka,2024-03-10,12:44:35,Completed,582
8781,196,198,Paneer Butter Masala,2023-11-17,17:56:27,Completed,561
8782,963,114,Chicken Momos,2023-11-23,21:52:48,Completed,198
8783,544,183,Farmhouse Pizza,2025-02-11,15:04:34,Cancelled,300
8784,23,147,Paneer Butter Masala,2024-06-09,19:16:36,Completed,869
8785,226,157,Paneer Tikka,2023-11-14,10:46:20,Completed,624
8786,735,182,Farmhouse Pizza,2024-03-22,18:09:51,Completed,461
8787,985,6,Idli Sambar,2024-11-04,10:58:12,Completed,167
8788,896,85,Chicken Momos,2025-04-05,11:49:55,Completed,460
8789,624,130,Caesar Salad,2024-02-22,21:23:17,Cancelled,382
8790,62,78,Pav Bhaji,2023-08-13,21:36:40,Completed,843
8791,871,78,Burger,2025-02-28,13:57:45,Pending,190
8792,525,42,Fish Curry,2024-08-25,17:23:02,Completed,242
8793,35,117,Farmhouse Pizza,2023-03-23,20:32:41,Completed,866
8794,584,110,Pav Bhaji,2024-08-04,17:06:29,Completed,182
8795,792,199,Margherita Pizza,2024-11-28,10:41:50,Completed,360
8796,808,14,Pav Bhaji,2024-07-29,18:36:11,Completed,498
8797,581,111,Masala Dosa,2025-03-06,22:23:51,Completed,425
8798,476,66,Paneer Butter Masala,2025-02-05,09:09:56,Cancelled,522
8799,448,2,Chole Bhature,2023-01-18,09:57:06,Completed,851
8800,434,98,Chicken Biryani,2024-10-08,17:08:02,Completed,287
8801,396,91,Butter Chicken,2023-02-24,12:07:53,Completed,923
8802,610,77,Idli Sambar,2023-02-02,10:19:43,Completed,878
8803,817,128,Hakka Noodles,2023-12-10,16:14:33,Completed,218
8804,114,47,Fish Curry,2025-03-17,19:42:58,Completed,747
8805,20,16,Veg Momos,2023-03-22,13:55:14,Completed,741
8806,371,82,Chicken Tikka,2024-03-06,09:50:08,Completed,797
8807,729,177,Caesar Salad,2025-01-16,14:05:16,Completed,879
8808,683,93,Pav Bhaji,2024-01-27,15:56:34,Completed,265
8809,656,138,Veg Fried Rice,2023-05-23,19:39:42,Completed,870
8810,551,133,Chicken Tikka,2023-07-02,13:06:12,Completed,860
8811,492,9,Chole Bhature,2023-09-23,20:04:08,Cancelled,350
8812,197,9,Chole Bhature,2023-05-08,17:24:00,Completed,757
8813,178,81,Farmhouse Pizza,2023-08-20,18:11:25,Completed,436
8814,38,65,Dal Makhani,2023-01-14,21:49:08,Completed,386
8815,429,151,Farmhouse Pizza,2024-10-31,12:18:49,Completed,925
8816,505,79,Burger,2024-05-27,11:54:45,Completed,802
8817,330,126,Chicken Momos,2023-01-21,10:30:59,Completed,390
8818,263,119,Margherita Pizza,2023-07-11,19:56:20,Completed,275
8819,619,67,Fish Curry,2023-06-04,11:53:08,Completed,233
8820,239,102,Veg Fried Rice,2025-03-21,18:36:08,Completed,737
8821,41,60,Masala Dosa,2025-05-17,21:21:47,Completed,152
8822,39,71,Chicken Momos,2024-04-03,19:58:00,Cancelled,243
8823,476,54,Paneer Tikka,2024-03-12,19:10:14,Completed,858
8824,279,43,Paneer Tikka,2024-02-16,16:35:40,Cancelled,726
8825,182,73,Fish Curry,2024-06-15,18:06:03,Completed,752
8826,890,35,Veg Momos,2024-07-03,11:59:41,Completed,732
8827,502,196,Hakka Noodles,2024-07-11,15:00:23,Completed,661
8828,226,97,Fish Curry,2023-04-21,17:11:17,Completed,668
8829,948,191,Caesar Salad,2024-02-25,09:48:06,Completed,542
8830,694,200,Chicken Tikka,2024-11-29,12:29:46,Completed,490
8831,825,153,Chicken Biryani,2023-04-06,15:35:21,Completed,556
8832,134,191,Burger,2024-08-17,13:25:02,Completed,662
8833,255,179,Fish Curry,2025-06-26,09:52:33,Completed,255
8834,803,155,Chicken Momos,2025-04-12,15:50:30,Completed,598
8835,541,197,Veg Fried Rice,2024-01-21,20:16:08,Completed,243
8836,856,129,Chicken Biryani,2024-06-19,20:59:42,Completed,912
8837,749,48,Masala Dosa,2025-01-14,14:50:35,Completed,203
8838,336,73,Chole Bhature,2025-02-01,16:11:35,Completed,664
8839,556,75,Paneer Tikka,2023-09-21,22:58:50,Completed,846
8840,255,115,Chicken Tikka,2024-02-19,21:10:26,Completed,560
8841,678,81,Veg Fried Rice,2024-04-17,15:18:45,Completed,531
8842,377,168,Chicken Momos,2024-07-05,21:24:51,Completed,220
8843,953,169,Chicken Biryani,2024-12-14,17:45:44,Completed,492
8844,706,14,Dal Makhani,2023-06-18,11:05:13,Completed,691
8845,539,92,Hakka Noodles,2025-04-28,21:40:10,Completed,191
8846,336,189,Masala Dosa,2024-06-10,12:18:34,Completed,910
8847,460,168,Paneer Butter Masala,2023-12-19,21:11:31,Completed,138
8848,710,146,Butter Chicken,2024-01-28,09:18:49,Completed,443
8849,47,28,Veg Biryani,2024-09-23,13:19:28,Completed,874
8850,62,163,Farmhouse Pizza,2024-12-07,10:11:34,Cancelled,673
8851,681,89,Hakka Noodles,2023-01-08,17:12:46,Completed,266
8852,105,185,Farmhouse Pizza,2025-06-01,11:02:32,Completed,814
8853,176,64,Chicken Biryani,2024-07-16,20:21:25,Cancelled,903
8854,207,10,Chicken Momos,2023-10-28,21:49:11,Completed,702
8855,685,9,Dal Makhani,2023-09-19,18:59:52,Completed,840
8856,695,149,Hakka Noodles,2023-01-24,17:22:15,Cancelled,221
8857,696,152,Chicken Biryani,2024-01-08,18:04:08,Completed,362
8858,694,106,Butter Chicken,2025-06-24,20:16:42,Completed,663
8859,388,91,Dal Makhani,2024-04-28,20:44:48,Completed,206
8860,802,88,Butter Chicken,2024-10-12,17:15:12,Completed,340
8861,620,137,Fish Curry,2025-02-08,21:04:53,Completed,865
8862,124,168,Chicken Biryani,2023-06-20,09:12:18,Completed,496
8863,90,20,Burger,2023-05-11,10:45:53,Completed,392
8864,585,55,Margherita Pizza,2025-02-27,12:00:52,Cancelled,934
8865,34,70,Paneer Tikka,2024-04-25,13:17:44,Cancelled,684
8866,416,192,Hakka Noodles,2024-06-24,12:26:18,Completed,502
8867,129,74,Chole Bhature,2023-08-21,10:24:54,Cancelled,225
8868,577,169,Paneer Butter Masala,2025-05-23,16:50:34,Completed,530
8869,540,151,Paneer Tikka,2025-06-20,20:28:34,Completed,423
8870,802,179,Dal Makhani,2024-07-01,09:02:58,Completed,232
8871,527,132,Masala Dosa,2023-09-01,15:25:15,Completed,499
8872,870,37,Idli Sambar,2024-05-11,12:53:20,Completed,497
8873,593,104,Chicken Momos,2024-12-17,14:28:52,Completed,451
8874,329,69,Margherita Pizza,2024-08-31,22:09:38,Completed,669
8875,478,176,Idli Sambar,2025-06-14,17:38:42,Completed,366
8876,37,130,Caesar Salad,2024-07-09,10:46:58,Completed,753
8877,780,160,Hakka Noodles,2023-06-03,12:09:01,Cancelled,276
8878,259,195,Caesar Salad,2025-05-09,11:35:12,Completed,132
8879,871,49,Paneer Butter Masala,2025-02-22,21:47:03,Completed,251
8880,919,117,Chicken Biryani,2023-05-29,11:02:44,Completed,843
8881,18,185,Chicken Tikka,2025-04-08,20:07:02,Completed,288
8882,604,21,Butter Chicken,2024-07-20,19:32:01,Completed,597
8883,823,117,Dal Makhani,2024-05-31,12:13:40,Completed,718
8884,434,45,Paneer Butter Masala,2023-06-16,10:45:49,Cancelled,264
8885,500,198,Chicken Biryani,2024-04-02,17:08:59,Completed,866
8886,372,85,Butter Chicken,2024-05-06,18:09:40,Completed,439
8887,903,45,Pav Bhaji,2025-03-08,19:25:04,Completed,622
8888,86,169,Paneer Butter Masala,2024-01-23,21:54:23,Completed,284
8889,183,97,Caesar Salad,2024-03-17,14:12:44,Completed,653
8890,453,172,Veg Fried Rice,2024-08-20,18:58:10,Cancelled,729
8891,962,189,Pav Bhaji,2023-11-23,11:20:29,Completed,122
8892,987,43,Fish Curry,2023-03-25,09:52:33,Cancelled,227
8893,783,26,Dal Makhani,2024-12-12,12:51:48,Completed,284
8894,850,191,Margherita Pizza,2023-04-10,12:32:22,Completed,153
8895,615,112,Margherita Pizza,2023-02-08,21:50:22,Completed,442
8896,503,42,Veg Fried Rice,2023-11-06,21:30:40,Completed,844
8897,454,149,Fish Curry,2024-07-03,17:32:13,Completed,473
8898,976,27,Chicken Momos,2023-04-08,09:16:18,Completed,724
8899,983,33,Paneer Tikka,2025-02-11,09:24:09,Completed,891
8900,544,43,Farmhouse Pizza,2024-07-07,21:16:28,Completed,931
8901,418,185,Margherita Pizza,2025-06-25,13:42:24,Completed,450
8902,652,197,Hakka Noodles,2024-10-28,21:17:30,Completed,824
8903,566,43,Paneer Tikka,2024-02-25,20:07:16,Completed,141
8904,353,148,Caesar Salad,2023-11-09,18:12:45,Completed,697
8905,246,47,Margherita Pizza,2025-06-09,18:15:23,Completed,466
8906,117,139,Burger,2024-09-26,12:20:41,Completed,627
8907,173,143,Veg Fried Rice,2023-09-05,20:13:52,Completed,235
8908,872,160,Chicken Biryani,2025-06-17,16:54:03,Completed,280
8909,366,18,Pav Bhaji,2024-04-23,09:04:33,Completed,202
8910,776,27,Chole Bhature,2024-07-15,15:07:50,Completed,203
8911,859,173,Veg Fried Rice,2024-05-13,22:20:06,Completed,196
8912,648,155,Chicken Biryani,2024-02-17,13:36:49,Completed,682
8913,758,32,Fish Curry,2025-04-12,22:36:02,Completed,396
8914,967,192,Hakka Noodles,2024-12-25,18:53:33,Completed,812
8915,948,71,Farmhouse Pizza,2024-07-19,11:45:11,Cancelled,798
8916,374,142,Veg Momos,2024-11-13,21:01:11,Completed,262
8917,963,17,Paneer Tikka,2023-06-15,16:44:04,Completed,726
8918,123,133,Idli Sambar,2024-04-13,12:06:06,Completed,431
8919,336,197,Masala Dosa,2024-09-10,16:17:35,Completed,374
8920,901,187,Chicken Momos,2024-10-18,13:44:35,Completed,150
8921,11,77,Butter Chicken,2024-03-30,17:00:29,Completed,473
8922,362,148,Veg Momos,2024-07-10,12:02:12,Completed,422
8923,817,154,Burger,2024-10-10,17:58:09,Completed,879
8924,112,88,Hakka Noodles,2023-01-12,12:54:42,Completed,213
8925,135,83,Butter Chicken,2024-12-02,13:47:19,Completed,914
8926,938,162,Paneer Butter Masala,2023-04-12,16:20:23,Completed,720
8927,411,156,Veg Biryani,2023-06-28,17:45:27,Completed,430
8928,291,23,Fish Curry,2024-06-15,22:32:11,Completed,453
8929,731,192,Veg Biryani,2024-04-05,22:11:53,Cancelled,591
8930,381,197,Paneer Tikka,2024-02-16,11:42:47,Completed,266
8931,556,131,Veg Momos,2023-01-31,20:26:53,Completed,400
8932,62,191,Hakka Noodles,2024-10-19,09:17:23,Completed,376
8933,621,41,Dal Makhani,2025-04-29,10:56:56,Cancelled,368
8934,458,15,Fish Curry,2025-06-14,19:02:21,Completed,747
8935,824,108,Burger,2023-07-31,22:12:02,Completed,807
8936,27,73,Veg Momos,2024-04-29,18:55:23,Completed,259
8937,393,101,Fish Curry,2024-06-23,21:23:15,Cancelled,229
8938,682,152,Farmhouse Pizza,2024-09-30,11:05:34,Completed,330
8939,582,158,Hakka Noodles,2023-05-21,17:48:46,Completed,637
8940,704,6,Butter Chicken,2023-05-19,21:30:29,Completed,549
8941,399,98,Hakka Noodles,2023-09-08,10:18:50,Completed,320
8942,746,71,Veg Biryani,2023-12-01,13:16:49,Completed,386
8943,13,169,Idli Sambar,2024-03-04,21:16:10,Completed,772
8944,850,198,Farmhouse Pizza,2023-03-22,13:23:17,Completed,688
8945,901,37,Paneer Butter Masala,2024-02-22,15:26:26,Completed,377
8946,423,13,Margherita Pizza,2023-08-22,16:32:54,Cancelled,521
8947,68,79,Masala Dosa,2024-06-15,11:56:54,Completed,842
8948,612,123,Hakka Noodles,2023-04-10,17:19:37,Completed,544
8949,607,196,Hakka Noodles,2024-09-23,16:51:43,Completed,528
8950,276,32,Veg Biryani,2023-04-24,15:22:39,Completed,864
8951,624,125,Hakka Noodles,2025-01-05,20:24:28,Completed,366
8952,986,184,Veg Biryani,2024-07-06,13:19:03,Completed,221
8953,960,117,Chole Bhature,2023-09-16,15:24:32,Completed,685
8954,845,76,Paneer Butter Masala,2024-09-29,20:24:35,Completed,840
8955,550,126,Hakka Noodles,2024-06-20,15:48:21,Completed,564
8956,743,32,Veg Momos,2024-07-31,21:20:55,Completed,838
8957,554,196,Butter Chicken,2024-06-01,18:38:28,Completed,949
8958,506,196,Butter Chicken,2023-09-17,11:27:01,Completed,558
8959,70,180,Hakka Noodles,2023-09-14,15:17:23,Completed,372
8960,615,20,Paneer Butter Masala,2024-12-03,12:43:50,Cancelled,671
8961,712,154,Butter Chicken,2024-02-12,22:00:41,Completed,316
8962,959,77,Veg Momos,2023-01-21,20:00:54,Completed,908
8963,404,131,Caesar Salad,2024-01-12,11:52:44,Completed,648
8964,138,155,Caesar Salad,2024-10-03,14:19:08,Completed,644
8965,112,25,Paneer Tikka,2025-05-11,19:04:37,Completed,290
8966,1000,167,Pav Bhaji,2024-06-05,10:16:28,Completed,868
8967,681,16,Burger,2023-02-21,15:02:20,Completed,327
8968,605,155,Chicken Momos,2023-02-21,22:51:57,Completed,638
8969,684,74,Butter Chicken,2024-03-23,15:50:29,Completed,173
8970,892,161,Veg Fried Rice,2025-03-04,19:25:41,Completed,765
8971,561,22,Margherita Pizza,2024-05-19,20:41:04,Completed,284
8972,905,111,Farmhouse Pizza,2023-11-24,18:26:56,Completed,912
8973,903,133,Pav Bhaji,2023-08-15,20:39:57,Completed,837
8974,384,47,Farmhouse Pizza,2024-06-14,12:25:28,Completed,675
8975,982,1,Veg Biryani,2024-03-24,15:40:11,Completed,574
8976,654,121,Caesar Salad,2023-09-01,14:13:15,Completed,931
8977,868,188,Farmhouse Pizza,2024-05-26,18:54:47,Completed,526
8978,343,42,Veg Biryani,2024-03-17,21:06:16,Completed,580
8979,633,198,Veg Momos,2025-01-10,14:28:09,Completed,449
8980,546,120,Veg Momos,2023-01-20,09:43:55,Completed,174
8981,137,93,Chole Bhature,2024-04-21,13:52:33,Completed,515
8982,193,31,Chicken Momos,2024-01-18,22:44:14,Completed,152
8983,577,99,Chole Bhature,2024-10-04,17:58:55,Completed,277
8984,896,185,Hakka Noodles,2023-01-02,19:45:21,Completed,356
8985,937,67,Fish Curry,2025-02-16,12:27:21,Completed,163
8986,271,158,Chicken Tikka,2024-04-17,22:46:09,Completed,673
8987,200,33,Farmhouse Pizza,2023-12-24,18:42:45,Cancelled,459
8988,814,134,Chole Bhature,2023-06-13,13:59:22,Cancelled,783
8989,42,103,Veg Momos,2023-01-30,18:01:25,Completed,255
8990,17,76,Burger,2024-02-24,17:32:04,Completed,257
8991,727,63,Pav Bhaji,2023-02-09,13:29:21,Completed,516
8992,385,8,Paneer Tikka,2024-01-26,21:59:00,Completed,562
8993,983,145,Butter Chicken,2024-03-16,10:39:37,Completed,694
8994,105,62,Veg Fried Rice,2023-02-25,18:24:33,Pending,415
8995,686,132,Chicken Biryani,2024-09-20,20:18:00,Completed,263
8996,518,41,Veg Fried Rice,2023-06-06,21:23:00,Cancelled,901
8997,823,24,Hakka Noodles,2025-04-18,16:21:06,Completed,497
8998,748,174,Veg Fried Rice,2023-12-25,09:24:01,Completed,885
8999,27,82,Caesar Salad,2024-10-26,20:26:45,Completed,335
9000,909,84,Dal Makhani,2024-04-01,17:56:22,Completed,702
9001,799,19,Farmhouse Pizza,2023-01-07,17:07:21,Completed,733
9002,181,55,Veg Fried Rice,2023-11-21,14:32:05,Completed,405
9003,598,125,Veg Biryani,2023-06-23,22:38:47,Completed,899
9004,118,24,Chicken Momos,2023-03-23,09:25:39,Completed,746
9005,674,100,Burger,2025-04-13,18:50:44,Completed,170
9006,3,191,Pav Bhaji,2024-05-04,21:52:48,Completed,617
9007,417,126,Burger,2024-03-27,09:31:26,Completed,508
9008,137,42,Masala Dosa,2024-06-21,09:37:23,Completed,749
9009,667,157,Chicken Tikka,2024-06-15,14:31:14,Completed,405
9010,322,92,Butter Chicken,2025-05-25,22:01:55,Completed,712
9011,262,136,Paneer Tikka,2025-03-13,13:46:20,Completed,867
9012,855,75,Butter Chicken,2024-11-23,11:50:20,Pending,664
9013,992,190,Paneer Tikka,2023-08-30,15:29:03,Completed,258
9014,503,20,Veg Biryani,2023-04-04,13:49:05,Completed,888
9015,154,124,Hakka Noodles,2024-07-15,10:27:52,Completed,403
9016,924,79,Paneer Tikka,2024-10-21,18:49:46,Completed,284
9017,822,109,Chicken Tikka,2024-04-26,17:38:16,Completed,756
9018,626,123,Veg Biryani,2025-06-22,14:16:13,Pending,240
9019,887,170,Pav Bhaji,2024-07-26,19:35:32,Completed,208
9020,690,141,Hakka Noodles,2023-01-08,15:23:12,Completed,724
9021,63,120,Masala Dosa,2025-03-10,20:24:45,Completed,249
9022,485,28,Burger,2023-06-01,14:20:07,Completed,372
9023,960,67,Chicken Tikka,2023-02-28,15:34:59,Cancelled,557
9024,148,191,Burger,2025-04-20,11:24:38,Completed,766
9025,302,121,Paneer Tikka,2023-10-04,20:47:58,Completed,251
9026,550,14,Hakka Noodles,2025-04-09,12:37:00,Completed,500
9027,618,191,Fish Curry,2024-09-26,21:27:24,Completed,717
9028,936,183,Veg Fried Rice,2023-08-21,11:31:32,Completed,772
9029,882,98,Veg Biryani,2024-10-19,16:10:30,Completed,770
9030,359,156,Masala Dosa,2023-02-17,20:20:31,Completed,561
9031,785,199,Masala Dosa,2025-04-08,19:18:12,Completed,156
9032,8,94,Butter Chicken,2024-05-18,09:31:41,Completed,306
9033,825,152,Chicken Momos,2025-05-06,10:35:32,Completed,263
9034,727,21,Chicken Biryani,2023-03-09,14:29:05,Completed,344
9035,342,175,Paneer Tikka,2024-01-10,13:56:42,Completed,596
9036,326,149,Veg Biryani,2025-03-06,11:24:11,Completed,484
9037,962,64,Paneer Butter Masala,2025-05-22,16:38:39,Completed,519
9038,332,139,Chicken Momos,2024-11-29,11:29:31,Completed,380
9039,431,84,Butter Chicken,2024-11-30,11:09:12,Completed,828
9040,656,173,Hakka Noodles,2023-05-18,11:21:45,Completed,512
9041,907,103,Veg Fried Rice,2023-03-27,13:21:54,Completed,514
9042,355,57,Fish Curry,2024-02-09,13:04:15,Completed,901
9043,245,161,Butter Chicken,2023-04-06,20:15:06,Completed,358
9044,787,62,Veg Fried Rice,2024-04-26,09:05:27,Completed,808
9045,923,172,Chicken Tikka,2025-05-02,17:35:10,Completed,519
9046,332,96,Burger,2025-02-16,13:18:15,Completed,572
9047,276,5,Idli Sambar,2025-02-14,19:39:06,Completed,313
9048,660,32,Pav Bhaji,2024-04-19,20:38:50,Completed,711
9049,378,25,Dal Makhani,2025-03-04,22:36:08,Pending,908
9050,751,152,Veg Biryani,2024-05-31,22:52:02,Completed,868
9051,921,77,Chole Bhature,2023-11-12,15:27:23,Pending,719
9052,26,178,Hakka Noodles,2023-03-28,12:21:22,Completed,873
9053,547,179,Paneer Butter Masala,2023-01-18,20:29:23,Completed,176
9054,456,124,Paneer Butter Masala,2024-05-31,18:12:14,Completed,181
9055,999,5,Paneer Tikka,2023-10-27,11:07:09,Completed,182
9056,15,196,Butter Chicken,2024-04-12,14:21:28,Completed,312
9057,263,73,Hakka Noodles,2024-11-26,13:32:50,Cancelled,130
9058,770,27,Veg Momos,2023-03-13,13:48:24,Pending,138
9059,334,125,Farmhouse Pizza,2023-01-29,20:48:13,Completed,940
9060,425,178,Caesar Salad,2024-08-15,22:17:07,Completed,184
9061,243,163,Masala Dosa,2024-06-29,22:34:22,Completed,185
9062,674,130,Caesar Salad,2023-07-28,20:49:38,Completed,475
9063,258,88,Burger,2023-12-05,20:55:44,Completed,379
9064,474,80,Chicken Tikka,2023-03-04,12:56:24,Completed,611
9065,874,187,Chicken Biryani,2024-11-28,13:17:47,Completed,764
9066,940,61,Paneer Tikka,2024-02-29,16:00:07,Completed,560
9067,392,148,Chicken Momos,2024-02-23,19:09:59,Completed,218
9068,587,40,Paneer Tikka,2023-02-12,11:12:40,Completed,600
9069,26,140,Veg Fried Rice,2025-05-02,15:16:43,Completed,545
9070,694,113,Chicken Biryani,2023-05-29,15:22:55,Pending,138
9071,786,176,Burger,2024-07-23,19:36:46,Completed,413
9072,707,70,Veg Biryani,2023-07-06,13:43:55,Completed,700
9073,390,183,Chicken Tikka,2025-03-07,10:01:43,Completed,565
9074,836,155,Dal Makhani,2024-01-24,18:51:01,Completed,514
9075,800,74,Burger,2024-04-12,18:39:43,Completed,122
9076,821,117,Dal Makhani,2025-05-31,13:41:36,Completed,734
9077,363,66,Paneer Butter Masala,2023-02-19,11:02:15,Completed,631
9078,722,70,Chicken Tikka,2023-05-31,13:46:37,Completed,277
9079,27,61,Paneer Tikka,2024-05-21,09:53:09,Completed,180
9080,540,148,Veg Biryani,2024-02-13,09:28:45,Completed,407
9081,71,66,Paneer Butter Masala,2023-12-03,21:30:29,Completed,249
9082,307,74,Masala Dosa,2024-01-19,18:57:49,Cancelled,388
9083,198,23,Chole Bhature,2024-04-12,12:39:35,Completed,335
9084,423,194,Chicken Tikka,2025-06-19,15:27:57,Completed,427
9085,642,193,Veg Fried Rice,2024-07-20,22:48:21,Pending,939
9086,264,155,Veg Fried Rice,2024-05-18,10:50:39,Completed,513
9087,666,149,Chicken Biryani,2023-07-15,10:14:06,Completed,772
9088,509,92,Hakka Noodles,2023-06-04,20:59:09,Completed,943
9089,738,75,Veg Momos,2023-11-04,17:04:12,Completed,640
9090,921,152,Chicken Biryani,2023-03-15,15:32:26,Cancelled,898
9091,22,185,Idli Sambar,2025-04-26,10:25:13,Completed,495
9092,880,163,Paneer Tikka,2024-11-21,16:36:15,Completed,464
9093,151,59,Dal Makhani,2024-08-02,15:13:48,Completed,879
9094,351,70,Idli Sambar,2024-07-19,10:25:30,Completed,650
9095,964,46,Margherita Pizza,2024-10-04,17:00:35,Completed,131
9096,862,166,Paneer Tikka,2025-06-01,16:38:31,Completed,146
9097,661,127,Chicken Tikka,2024-05-22,14:36:15,Completed,892
9098,276,114,Pav Bhaji,2025-06-30,21:04:48,Completed,482
9099,209,130,Masala Dosa,2023-09-01,13:11:02,Completed,555
9100,921,45,Burger,2025-05-05,22:50:15,Completed,347
9101,148,51,Pav Bhaji,2024-06-05,18:47:36,Completed,709
9102,937,42,Pav Bhaji,2023-10-01,19:10:38,Completed,636
9103,403,31,Caesar Salad,2024-10-24,14:46:15,Completed,605
9104,116,45,Chicken Momos,2023-02-16,21:02:52,Completed,141
9105,893,96,Pav Bhaji,2024-10-30,15:56:04,Completed,223
9106,55,199,Margherita Pizza,2025-04-25,10:19:44,Completed,680
9107,180,125,Margherita Pizza,2025-04-24,14:51:39,Completed,667
9108,420,72,Dal Makhani,2024-10-15,10:19:25,Completed,688
9109,695,77,Chicken Momos,2024-10-31,21:19:12,Completed,795
9110,583,7,Chole Bhature,2025-06-06,17:10:37,Completed,563
9111,46,187,Veg Biryani,2024-09-17,17:39:03,Completed,918
9112,638,27,Veg Biryani,2025-05-07,16:05:55,Cancelled,533
9113,324,125,Margherita Pizza,2024-01-18,14:43:11,Completed,129
9114,802,101,Pav Bhaji,2025-04-17,09:34:10,Completed,187
9115,148,107,Hakka Noodles,2025-03-27,20:19:06,Completed,507
9116,227,25,Chole Bhature,2024-03-06,21:23:14,Cancelled,458
9117,133,156,Caesar Salad,2024-12-28,10:01:42,Completed,179
9118,270,119,Hakka Noodles,2023-08-24,18:29:54,Completed,601
9119,164,174,Margherita Pizza,2023-02-02,19:48:49,Completed,909
9120,146,115,Veg Biryani,2023-11-24,10:35:23,Completed,605
9121,684,195,Hakka Noodles,2023-10-29,13:28:40,Completed,484
9122,173,28,Paneer Tikka,2023-07-21,18:26:39,Completed,492
9123,494,161,Pav Bhaji,2024-07-06,14:00:25,Completed,705
9124,444,16,Idli Sambar,2023-12-30,11:22:23,Completed,457
9125,934,25,Chicken Momos,2023-12-31,10:04:25,Completed,883
9126,981,177,Chicken Momos,2025-03-25,11:20:08,Completed,830
9127,365,10,Paneer Butter Masala,2024-11-16,20:58:39,Completed,781
9128,159,189,Fish Curry,2023-04-25,15:29:19,Completed,197
9129,304,160,Farmhouse Pizza,2025-01-24,18:27:18,Completed,216
9130,638,173,Burger,2024-07-12,10:33:02,Completed,682
9131,688,78,Burger,2024-03-28,12:21:23,Completed,829
9132,624,70,Veg Fried Rice,2024-01-09,10:06:35,Completed,698
9133,302,42,Butter Chicken,2025-04-26,09:58:56,Pending,522
9134,883,149,Chole Bhature,2023-04-10,18:36:39,Pending,134
9135,25,185,Fish Curry,2024-01-18,19:18:33,Completed,473
9136,163,186,Farmhouse Pizza,2024-06-19,10:11:22,Pending,887
9137,95,94,Margherita Pizza,2023-05-22,09:06:03,Completed,591
9138,992,127,Paneer Tikka,2024-05-06,09:38:16,Pending,700
9139,73,160,Pav Bhaji,2023-09-13,17:34:30,Completed,765
9140,145,5,Burger,2024-02-02,16:37:51,Cancelled,403
9141,860,5,Idli Sambar,2025-05-16,15:02:48,Completed,724
9142,225,152,Butter Chicken,2024-10-23,19:55:09,Completed,553
9143,469,6,Hakka Noodles,2023-01-03,18:39:05,Completed,305
9144,181,148,Masala Dosa,2024-07-13,09:22:18,Completed,598
9145,710,12,Margherita Pizza,2023-07-06,19:03:02,Completed,804
9146,392,34,Veg Fried Rice,2023-02-05,22:38:03,Completed,758
9147,235,137,Butter Chicken,2025-03-18,12:25:44,Pending,505
9148,64,53,Chicken Momos,2024-03-15,16:46:58,Completed,451
9149,327,192,Chicken Biryani,2024-08-22,18:19:20,Completed,259
9150,175,142,Idli Sambar,2025-05-25,12:03:02,Completed,759
9151,876,176,Caesar Salad,2024-07-18,13:48:26,Completed,718
9152,631,82,Dal Makhani,2023-02-09,22:36:26,Completed,245
9153,633,68,Veg Fried Rice,2025-01-31,20:06:53,Cancelled,780
9154,761,166,Chole Bhature,2023-12-07,14:30:23,Completed,388
9155,538,18,Pav Bhaji,2024-03-27,10:07:29,Completed,930
9156,246,73,Idli Sambar,2025-05-07,19:51:21,Completed,139
9157,820,20,Veg Fried Rice,2023-09-03,16:20:31,Completed,912
9158,302,71,Idli Sambar,2024-03-03,22:28:00,Completed,171
9159,406,171,Idli Sambar,2025-03-04,15:24:07,Completed,634
9160,252,9,Burger,2025-06-05,14:13:51,Completed,227
9161,315,95,Idli Sambar,2024-11-24,19:21:00,Completed,256
9162,191,185,Farmhouse Pizza,2025-05-07,15:18:10,Completed,596
9163,994,57,Veg Momos,2025-01-28,16:37:33,Completed,348
9164,591,28,Paneer Butter Masala,2024-04-05,16:16:33,Completed,418
9165,993,110,Farmhouse Pizza,2024-08-08,15:10:53,Cancelled,216
9166,707,163,Paneer Tikka,2024-10-31,14:17:11,Completed,740
9167,252,158,Chole Bhature,2025-02-06,18:23:56,Completed,662
9168,486,3,Butter Chicken,2025-03-20,10:35:51,Cancelled,517
9169,8,32,Burger,2024-04-11,13:18:51,Completed,658
9170,822,3,Paneer Tikka,2024-08-10,16:47:43,Completed,268
9171,598,195,Dal Makhani,2024-09-14,14:44:17,Completed,717
9172,200,25,Chole Bhature,2025-04-09,11:37:54,Completed,450
9173,551,39,Masala Dosa,2024-04-05,09:37:20,Completed,694
9174,255,51,Fish Curry,2025-03-13,09:21:40,Completed,405
9175,448,191,Dal Makhani,2025-03-31,20:26:21,Completed,806
9176,185,71,Paneer Tikka,2025-05-31,18:43:51,Cancelled,400
9177,684,105,Masala Dosa,2023-01-16,22:28:40,Pending,439
9178,709,45,Dal Makhani,2025-05-29,22:24:30,Completed,746
9179,934,46,Chicken Tikka,2024-04-30,15:02:31,Completed,871
9180,612,76,Chicken Tikka,2025-02-21,14:44:38,Completed,731
9181,791,24,Butter Chicken,2023-07-02,22:17:43,Completed,301
9182,545,125,Veg Biryani,2024-01-01,17:43:10,Completed,829
9183,903,8,Veg Fried Rice,2024-12-01,19:19:57,Completed,545
9184,316,200,Idli Sambar,2025-03-16,20:51:14,Completed,407
9185,744,53,Fish Curry,2025-02-18,15:30:57,Completed,500
9186,439,66,Masala Dosa,2023-01-20,12:42:44,Completed,869
9187,426,44,Chole Bhature,2023-06-01,22:34:38,Completed,757
9188,459,68,Dal Makhani,2025-02-21,19:53:19,Completed,857
9189,704,150,Masala Dosa,2023-06-01,22:21:35,Completed,779
9190,846,8,Hakka Noodles,2023-01-25,17:16:42,Pending,690
9191,97,131,Dal Makhani,2023-08-29,17:22:22,Completed,198
9192,990,198,Paneer Butter Masala,2024-03-28,18:50:45,Completed,481
9193,991,26,Chicken Momos,2023-06-11,16:00:49,Completed,686
9194,955,52,Veg Biryani,2023-06-11,20:20:45,Completed,922
9195,766,148,Chicken Momos,2025-02-22,21:40:41,Completed,645
9196,285,154,Veg Momos,2024-11-14,16:56:20,Completed,573
9197,111,160,Caesar Salad,2024-04-03,19:55:44,Completed,612
9198,985,196,Butter Chicken,2025-03-23,15:42:18,Completed,432
9199,654,167,Caesar Salad,2024-06-30,13:46:54,Completed,818
9200,837,56,Paneer Butter Masala,2023-11-20,20:46:47,Cancelled,160
9201,404,85,Veg Fried Rice,2023-09-22,17:39:15,Completed,722
9202,695,78,Chicken Momos,2024-01-23,12:53:08,Completed,304
9203,349,81,Dal Makhani,2024-11-05,13:53:57,Completed,578
9204,295,28,Chicken Momos,2024-05-05,17:04:13,Completed,530
9205,344,31,Pav Bhaji,2025-05-27,10:44:11,Completed,933
9206,974,105,Pav Bhaji,2023-09-25,21:30:34,Completed,399
9207,3,93,Masala Dosa,2025-06-20,14:50:52,Completed,208
9208,378,167,Masala Dosa,2025-01-31,22:48:17,Cancelled,195
9209,401,89,Paneer Tikka,2024-02-18,20:21:27,Cancelled,480
9210,689,89,Veg Biryani,2024-07-29,19:46:48,Completed,471
9211,243,91,Masala Dosa,2023-05-19,18:18:01,Completed,578
9212,5,198,Chole Bhature,2023-11-30,20:49:12,Completed,272
9213,339,4,Idli Sambar,2023-09-30,19:53:25,Completed,503
9214,610,125,Veg Biryani,2024-09-09,20:03:09,Completed,249
9215,946,177,Hakka Noodles,2024-03-07,21:48:05,Completed,374
9216,773,35,Butter Chicken,2023-07-21,13:28:39,Completed,366
9217,717,131,Idli Sambar,2024-08-01,16:07:44,Completed,402
9218,652,86,Hakka Noodles,2023-11-03,18:42:05,Completed,798
9219,468,80,Chole Bhature,2025-06-07,13:00:07,Completed,232
9220,784,80,Caesar Salad,2024-04-22,20:48:26,Completed,242
9221,772,197,Dal Makhani,2023-05-09,20:14:12,Completed,430
9222,500,76,Caesar Salad,2023-10-19,20:05:24,Completed,885
9223,527,46,Farmhouse Pizza,2024-02-28,13:34:28,Completed,341
9224,866,18,Chole Bhature,2023-05-17,20:56:48,Completed,570
9225,526,83,Farmhouse Pizza,2025-06-11,21:42:06,Completed,802
9226,385,140,Chicken Biryani,2024-07-21,11:28:04,Completed,841
9227,721,196,Paneer Tikka,2024-11-26,18:49:13,Cancelled,463
9228,598,4,Chicken Biryani,2023-11-26,10:09:44,Completed,806
9229,496,91,Pav Bhaji,2023-09-07,12:13:58,Completed,136
9230,197,191,Paneer Butter Masala,2024-09-04,16:16:38,Completed,647
9231,935,34,Chicken Biryani,2023-10-07,15:45:09,Completed,158
9232,361,71,Hakka Noodles,2024-11-09,14:58:08,Completed,732
9233,462,132,Chole Bhature,2024-12-17,21:17:00,Completed,521
9234,957,53,Fish Curry,2024-09-19,15:16:41,Completed,824
9235,577,47,Chicken Biryani,2024-04-19,21:46:15,Completed,874
9236,348,144,Chicken Momos,2023-07-16,20:38:15,Completed,877
9237,159,157,Pav Bhaji,2025-04-01,14:51:09,Completed,299
9238,538,54,Burger,2023-05-07,20:55:40,Completed,904
9239,931,103,Fish Curry,2023-01-02,12:50:06,Cancelled,919
9240,144,198,Butter Chicken,2024-06-10,19:42:38,Completed,416
9241,277,97,Veg Momos,2024-03-10,10:52:46,Completed,849
9242,495,44,Chicken Momos,2025-02-19,09:21:53,Completed,156
9243,359,196,Chicken Tikka,2024-11-23,09:03:26,Completed,876
9244,106,33,Chole Bhature,2024-02-27,09:22:53,Completed,383
9245,138,48,Paneer Butter Masala,2024-08-30,17:56:47,Completed,328
9246,21,135,Veg Momos,2024-12-31,22:14:15,Cancelled,311
9247,384,42,Paneer Tikka,2023-05-05,10:25:37,Completed,200
9248,906,192,Caesar Salad,2024-10-31,20:58:58,Completed,311
9249,974,60,Idli Sambar,2024-11-12,09:42:33,Completed,417
9250,637,191,Paneer Butter Masala,2023-06-14,16:35:49,Completed,450
9251,746,145,Chicken Momos,2024-10-24,12:30:40,Completed,769
9252,249,112,Dal Makhani,2024-12-29,20:26:49,Completed,795
9253,695,114,Caesar Salad,2024-05-23,16:16:48,Completed,397
9254,511,176,Idli Sambar,2024-02-21,13:25:23,Completed,249
9255,33,32,Burger,2025-04-29,20:01:43,Completed,924
9256,716,140,Caesar Salad,2023-05-23,18:05:46,Completed,532
9257,249,98,Butter Chicken,2025-01-12,16:44:34,Completed,582
9258,872,29,Farmhouse Pizza,2024-08-17,18:42:06,Completed,949
9259,992,159,Chicken Biryani,2023-09-19,20:00:02,Pending,579
9260,738,18,Paneer Butter Masala,2024-04-22,16:33:21,Completed,805
9261,525,92,Chicken Momos,2024-02-01,21:38:20,Completed,894
9262,122,16,Fish Curry,2025-05-15,12:08:38,Completed,263
9263,633,26,Chicken Tikka,2025-05-23,19:27:52,Completed,938
9264,633,154,Masala Dosa,2024-04-26,16:43:17,Completed,536
9265,537,39,Veg Fried Rice,2024-04-19,15:45:38,Completed,826
9266,731,28,Butter Chicken,2024-11-07,10:40:23,Completed,850
9267,493,156,Paneer Butter Masala,2024-10-06,09:31:35,Completed,760
9268,936,142,Masala Dosa,2023-10-13,20:17:43,Completed,695
9269,730,190,Paneer Tikka,2023-05-18,17:50:48,Completed,653
9270,373,135,Pav Bhaji,2025-01-06,10:42:59,Completed,714
9271,914,14,Burger,2023-10-29,14:12:22,Completed,230
9272,677,38,Fish Curry,2023-08-29,21:47:33,Completed,410
9273,988,6,Pav Bhaji,2023-01-19,19:00:04,Completed,894
9274,675,191,Burger,2024-12-15,19:48:25,Completed,389
9275,187,111,Chole Bhature,2025-03-11,20:37:04,Completed,172
9276,986,92,Veg Momos,2024-05-11,21:53:09,Completed,364
9277,344,115,Idli Sambar,2025-02-23,21:07:16,Cancelled,294
9278,500,45,Caesar Salad,2023-12-11,13:56:41,Completed,608
9279,471,103,Margherita Pizza,2023-01-18,15:09:12,Completed,408
9280,708,161,Hakka Noodles,2024-12-24,09:18:49,Pending,831
9281,189,63,Dal Makhani,2024-03-27,12:28:08,Completed,271
9282,457,27,Margherita Pizza,2023-05-07,22:53:09,Completed,185
9283,820,199,Idli Sambar,2024-09-02,11:17:54,Completed,723
9284,920,157,Butter Chicken,2025-03-12,13:17:50,Completed,875
9285,428,77,Chicken Momos,2024-09-10,17:29:08,Completed,588
9286,181,22,Veg Biryani,2025-01-05,14:48:47,Completed,310
9287,26,177,Hakka Noodles,2023-12-17,15:53:22,Completed,787
9288,235,190,Veg Biryani,2024-09-04,15:34:10,Completed,418
9289,72,164,Fish Curry,2025-04-10,16:44:28,Completed,128
9290,741,21,Veg Biryani,2025-05-29,18:23:57,Completed,508
9291,763,101,Burger,2023-04-20,18:02:54,Completed,764
9292,505,181,Veg Fried Rice,2023-10-25,11:23:21,Completed,505
9293,134,8,Farmhouse Pizza,2024-09-09,15:24:23,Completed,399
9294,189,122,Veg Momos,2025-03-29,14:30:28,Completed,850
9295,466,139,Caesar Salad,2025-05-07,15:17:12,Cancelled,667
9296,123,8,Veg Momos,2024-04-27,21:14:08,Completed,663
9297,313,197,Fish Curry,2023-07-29,17:04:38,Completed,504
9298,199,144,Veg Fried Rice,2023-10-25,15:28:29,Completed,549
9299,195,49,Masala Dosa,2023-10-03,15:04:24,Completed,891
9300,416,151,Chicken Momos,2023-10-05,10:26:18,Completed,715
9301,484,36,Paneer Tikka,2025-02-14,18:08:35,Completed,245
9302,722,181,Veg Momos,2024-11-10,16:31:02,Completed,807
9303,69,73,Butter Chicken,2024-12-18,09:38:37,Completed,493
9304,778,120,Hakka Noodles,2023-06-10,12:05:08,Completed,871
9305,317,127,Burger,2024-07-11,21:52:07,Completed,167
9306,680,169,Chicken Tikka,2024-09-02,22:06:56,Completed,168
9307,559,76,Chicken Biryani,2023-08-27,17:51:33,Completed,834
9308,251,56,Fish Curry,2024-06-27,20:49:40,Completed,796
9309,640,134,Pav Bhaji,2024-12-08,19:22:38,Completed,902
9310,602,165,Dal Makhani,2023-02-04,20:01:00,Completed,391
9311,593,29,Butter Chicken,2023-09-06,10:43:26,Completed,505
9312,232,83,Chole Bhature,2023-06-26,14:44:36,Completed,306
9313,216,192,Idli Sambar,2024-11-16,09:51:35,Completed,735
9314,527,49,Chicken Tikka,2024-11-30,13:44:51,Completed,591
9315,701,104,Paneer Tikka,2023-12-26,09:02:17,Completed,806
9316,280,182,Masala Dosa,2024-05-20,15:45:05,Completed,599
9317,272,58,Pav Bhaji,2023-10-18,22:48:50,Completed,233
9318,235,56,Veg Fried Rice,2024-05-21,17:20:29,Completed,899
9319,870,103,Veg Biryani,2024-01-04,22:48:22,Completed,255
9320,635,62,Paneer Tikka,2023-11-06,12:00:40,Completed,714
9321,742,188,Fish Curry,2024-12-24,09:13:29,Completed,363
9322,540,165,Butter Chicken,2023-03-03,10:48:39,Completed,850
9323,728,73,Veg Fried Rice,2023-10-17,09:20:20,Completed,416
9324,974,141,Butter Chicken,2023-05-23,18:54:37,Completed,225
9325,952,49,Veg Fried Rice,2023-05-21,13:55:40,Completed,216
9326,920,189,Margherita Pizza,2024-09-16,15:14:31,Completed,303
9327,804,89,Hakka Noodles,2023-06-07,16:01:09,Completed,169
9328,56,48,Burger,2025-01-26,15:56:06,Completed,275
9329,924,177,Pav Bhaji,2025-06-06,16:46:03,Completed,769
9330,867,4,Hakka Noodles,2024-08-05,17:47:35,Completed,730
9331,726,175,Veg Fried Rice,2024-09-06,12:54:54,Completed,632
9332,550,97,Masala Dosa,2024-02-09,22:11:10,Completed,191
9333,241,155,Dal Makhani,2024-12-31,15:21:20,Completed,424
9334,326,104,Chicken Tikka,2024-01-05,13:55:44,Completed,358
9335,616,131,Caesar Salad,2024-03-08,10:24:54,Completed,138
9336,602,172,Pav Bhaji,2023-02-19,18:45:05,Completed,832
9337,566,32,Veg Momos,2023-05-19,18:33:46,Completed,589
9338,639,183,Chicken Biryani,2025-06-23,09:44:24,Completed,439
9339,749,67,Paneer Butter Masala,2024-01-26,19:50:42,Completed,143
9340,681,29,Chicken Tikka,2024-07-30,16:04:59,Completed,262
9341,186,67,Idli Sambar,2023-10-31,16:15:02,Completed,747
9342,924,160,Paneer Butter Masala,2023-08-19,09:32:46,Completed,253
9343,466,174,Hakka Noodles,2025-06-23,13:30:57,Completed,251
9344,473,148,Idli Sambar,2023-07-21,13:34:19,Completed,222
9345,214,165,Hakka Noodles,2024-03-18,13:00:21,Completed,153
9346,696,36,Idli Sambar,2025-06-10,14:30:18,Completed,731
9347,209,95,Caesar Salad,2023-01-20,10:49:39,Completed,464
9348,657,37,Margherita Pizza,2024-10-14,13:12:58,Completed,166
9349,75,164,Dal Makhani,2023-01-18,17:53:23,Completed,789
9350,908,141,Farmhouse Pizza,2024-02-25,19:29:10,Completed,606
9351,15,72,Chicken Biryani,2023-02-23,20:40:52,Completed,333
9352,472,66,Pav Bhaji,2024-03-07,18:40:05,Completed,441
9353,770,147,Paneer Tikka,2024-01-13,14:50:05,Completed,368
9354,46,195,Masala Dosa,2024-02-19,20:54:31,Completed,439
9355,810,121,Chicken Momos,2025-06-09,20:46:02,Completed,296
9356,321,138,Dal Makhani,2024-06-14,14:37:53,Completed,631
9357,593,144,Farmhouse Pizza,2024-06-21,11:16:13,Pending,395
9358,568,196,Chicken Biryani,2023-03-09,19:02:19,Completed,553
9359,197,56,Paneer Tikka,2024-04-27,12:15:17,Completed,903
9360,891,79,Dal Makhani,2023-08-26,13:51:42,Completed,574
9361,38,33,Caesar Salad,2023-08-08,13:26:20,Completed,279
9362,655,115,Chole Bhature,2023-04-20,13:18:59,Completed,366
9363,644,75,Chole Bhature,2023-02-18,16:58:10,Completed,534
9364,739,9,Masala Dosa,2025-01-08,12:08:32,Completed,290
9365,666,78,Masala Dosa,2024-10-15,21:18:24,Completed,291
9366,206,64,Fish Curry,2023-06-16,13:30:17,Completed,247
9367,645,121,Hakka Noodles,2025-05-04,22:23:55,Completed,188
9368,47,138,Farmhouse Pizza,2024-05-17,16:00:31,Completed,257
9369,490,145,Idli Sambar,2023-02-03,15:24:02,Completed,862
9370,343,152,Margherita Pizza,2023-10-08,15:31:58,Pending,682
9371,294,172,Paneer Butter Masala,2023-06-09,19:42:34,Completed,574
9372,585,64,Farmhouse Pizza,2024-05-28,16:45:56,Completed,514
9373,688,52,Chicken Biryani,2024-08-26,17:50:40,Completed,930
9374,44,141,Burger,2024-06-05,21:33:14,Completed,451
9375,150,52,Dal Makhani,2023-05-15,19:22:43,Completed,661
9376,423,69,Chicken Biryani,2024-12-07,12:31:01,Completed,779
9377,75,52,Chicken Tikka,2024-01-15,22:19:02,Completed,222
9378,249,81,Chicken Biryani,2023-12-15,16:58:05,Completed,304
9379,393,165,Hakka Noodles,2024-12-05,13:07:01,Completed,507
9380,227,80,Chicken Momos,2024-01-19,13:22:52,Completed,236
9381,834,59,Paneer Butter Masala,2024-02-24,21:21:23,Completed,635
9382,360,87,Dal Makhani,2023-06-07,20:37:27,Completed,766
9383,848,172,Paneer Butter Masala,2024-06-28,20:36:43,Cancelled,810
9384,879,117,Chole Bhature,2023-12-27,19:01:47,Completed,151
9385,153,85,Masala Dosa,2025-06-29,14:50:12,Completed,168
9386,87,174,Butter Chicken,2023-04-21,15:38:17,Pending,491
9387,58,36,Farmhouse Pizza,2023-08-26,21:49:12,Completed,791
9388,815,147,Caesar Salad,2024-07-19,12:03:55,Completed,471
9389,357,92,Veg Biryani,2024-04-09,09:15:21,Completed,581
9390,15,90,Chicken Momos,2023-10-31,21:10:49,Completed,766
9391,781,168,Butter Chicken,2023-06-22,19:39:26,Completed,197
9392,401,31,Dal Makhani,2024-08-27,19:27:01,Completed,214
9393,724,123,Pav Bhaji,2024-08-23,20:19:18,Completed,916
9394,498,83,Dal Makhani,2025-06-10,17:05:54,Completed,222
9395,475,184,Veg Biryani,2025-03-30,12:42:14,Completed,770
9396,161,182,Dal Makhani,2023-02-25,09:30:31,Completed,624
9397,30,184,Idli Sambar,2023-07-11,17:50:17,Completed,462
9398,966,147,Margherita Pizza,2024-11-12,17:55:48,Completed,803
9399,157,133,Caesar Salad,2024-10-31,22:50:58,Completed,198
9400,103,45,Chicken Biryani,2023-10-19,10:54:29,Completed,120
9401,532,110,Chole Bhature,2024-08-14,11:31:58,Completed,816
9402,652,138,Paneer Butter Masala,2023-07-09,10:42:40,Completed,762
9403,306,82,Margherita Pizza,2024-06-16,13:39:36,Completed,934
9404,831,120,Chicken Momos,2023-04-08,16:09:48,Completed,801
9405,827,126,Chicken Tikka,2023-11-11,21:50:43,Completed,803
9406,655,4,Pav Bhaji,2023-09-15,17:59:00,Completed,287
9407,21,123,Paneer Butter Masala,2024-07-28,21:45:01,Completed,169
9408,11,56,Pav Bhaji,2025-02-07,09:48:54,Completed,738
9409,850,96,Veg Biryani,2023-09-12,17:40:28,Completed,589
9410,966,4,Pav Bhaji,2025-06-15,21:27:47,Completed,177
9411,692,129,Chole Bhature,2024-12-16,16:11:01,Completed,286
9412,66,84,Chicken Momos,2025-04-09,10:32:24,Completed,151
9413,78,183,Dal Makhani,2024-05-02,16:25:05,Completed,517
9414,981,128,Margherita Pizza,2024-04-28,19:57:54,Completed,718
9415,845,3,Paneer Butter Masala,2023-04-01,13:33:17,Completed,676
9416,244,18,Fish Curry,2024-05-04,09:52:17,Completed,590
9417,569,150,Margherita Pizza,2023-09-17,19:03:18,Completed,601
9418,114,49,Pav Bhaji,2024-04-19,10:34:43,Completed,741
9419,704,7,Masala Dosa,2025-01-05,18:29:29,Cancelled,542
9420,57,21,Fish Curry,2023-01-06,17:10:00,Completed,809
9421,16,96,Chole Bhature,2024-05-03,20:38:45,Completed,847
9422,152,32,Chole Bhature,2024-10-16,12:28:03,Completed,349
9423,142,191,Pav Bhaji,2025-03-25,22:49:08,Completed,144
9424,803,186,Farmhouse Pizza,2024-10-05,17:15:07,Completed,495
9425,270,112,Hakka Noodles,2025-03-23,21:50:39,Completed,140
9426,761,91,Paneer Butter Masala,2024-05-20,13:26:04,Completed,858
9427,253,64,Veg Fried Rice,2024-08-27,16:51:54,Completed,211
9428,406,28,Hakka Noodles,2023-10-21,09:52:49,Completed,444
9429,285,37,Idli Sambar,2023-12-28,17:56:00,Completed,789
9430,411,123,Chicken Biryani,2023-02-11,10:46:53,Pending,791
9431,698,7,Idli Sambar,2024-01-20,11:31:44,Completed,524
9432,717,179,Masala Dosa,2023-08-30,14:11:27,Completed,614
9433,404,178,Chicken Momos,2023-09-20,11:27:26,Completed,129
9434,44,189,Veg Fried Rice,2025-05-09,21:18:30,Cancelled,457
9435,297,144,Chole Bhature,2023-07-20,15:23:49,Completed,136
9436,653,149,Masala Dosa,2025-02-15,10:07:57,Completed,653
9437,119,87,Chicken Biryani,2023-10-03,19:43:36,Completed,265
9438,568,116,Farmhouse Pizza,2023-12-05,10:17:54,Completed,370
9439,529,182,Veg Fried Rice,2025-06-21,12:50:15,Completed,187
9440,490,92,Pav Bhaji,2023-10-25,15:20:46,Completed,533
9441,257,27,Pav Bhaji,2023-10-17,18:05:48,Completed,760
9442,151,31,Fish Curry,2024-12-07,12:18:46,Completed,824
9443,349,39,Chicken Biryani,2024-12-19,17:18:59,Pending,762
9444,776,126,Paneer Butter Masala,2024-11-27,17:28:58,Completed,200
9445,764,145,Caesar Salad,2025-06-05,19:43:29,Completed,527
9446,491,107,Margherita Pizza,2024-06-16,15:32:04,Completed,940
9447,755,168,Margherita Pizza,2023-08-16,12:43:42,Completed,159
9448,51,81,Chicken Momos,2025-06-13,20:00:16,Completed,814
9449,241,131,Burger,2024-01-02,17:21:34,Completed,225
9450,786,56,Paneer Butter Masala,2024-01-06,20:25:51,Completed,262
9451,443,128,Farmhouse Pizza,2023-10-24,17:51:43,Completed,306
9452,987,109,Chicken Momos,2025-02-27,12:30:53,Completed,288
9453,913,146,Paneer Butter Masala,2024-04-29,13:08:00,Completed,303
9454,589,170,Chicken Tikka,2023-08-07,21:34:56,Completed,150
9455,537,133,Veg Momos,2023-05-11,19:57:17,Completed,182
9456,396,15,Margherita Pizza,2024-04-04,13:43:45,Completed,706
9457,685,93,Hakka Noodles,2024-11-04,11:56:24,Completed,871
9458,374,42,Idli Sambar,2024-01-15,22:20:08,Completed,650
9459,599,58,Paneer Tikka,2023-07-27,15:00:15,Completed,274
9460,167,174,Dal Makhani,2024-06-11,15:10:12,Pending,284
9461,883,108,Masala Dosa,2025-05-08,12:51:17,Completed,121
9462,336,151,Pav Bhaji,2023-07-09,12:28:11,Completed,194
9463,121,53,Pav Bhaji,2025-01-26,14:50:39,Completed,678
9464,573,103,Hakka Noodles,2024-08-12,18:46:26,Pending,471
9465,85,152,Pav Bhaji,2023-11-28,09:43:37,Completed,902
9466,42,160,Chicken Momos,2024-09-29,19:12:50,Completed,623
9467,58,110,Veg Biryani,2024-01-14,20:35:43,Completed,171
9468,334,57,Veg Biryani,2024-09-30,13:54:52,Completed,704
9469,330,168,Masala Dosa,2023-12-11,17:32:33,Completed,261
9470,338,12,Dal Makhani,2023-10-25,22:54:17,Completed,487
9471,369,92,Veg Fried Rice,2025-02-19,14:12:42,Completed,578
9472,931,162,Chicken Momos,2025-06-03,13:27:07,Completed,917
9473,282,65,Farmhouse Pizza,2023-02-14,20:42:08,Completed,644
9474,350,178,Dal Makhani,2023-12-31,15:37:40,Completed,846
9475,806,159,Butter Chicken,2025-06-06,17:43:45,Completed,658
9476,375,59,Veg Momos,2024-01-23,18:46:36,Completed,267
9477,840,181,Butter Chicken,2025-04-25,17:32:51,Completed,695
9478,724,57,Dal Makhani,2024-07-07,10:12:37,Completed,848
9479,496,140,Idli Sambar,2025-03-29,10:15:25,Completed,780
9480,987,2,Veg Fried Rice,2025-06-24,17:51:09,Completed,256
9481,829,9,Chicken Biryani,2024-05-03,21:11:52,Completed,742
9482,436,72,Chicken Biryani,2023-09-20,11:26:14,Completed,582
9483,633,30,Dal Makhani,2023-04-13,10:41:42,Completed,704
9484,533,191,Masala Dosa,2024-08-04,22:14:56,Completed,552
9485,971,43,Burger,2023-09-05,10:46:37,Completed,135
9486,89,101,Masala Dosa,2024-09-23,20:48:05,Completed,318
9487,773,187,Idli Sambar,2023-11-02,22:29:56,Completed,937
9488,503,114,Fish Curry,2023-08-22,13:24:09,Cancelled,400
9489,817,44,Chicken Tikka,2023-10-24,12:34:34,Completed,849
9490,381,197,Butter Chicken,2025-05-04,10:31:39,Cancelled,127
9491,774,196,Chole Bhature,2023-02-07,20:57:16,Completed,481
9492,812,188,Chole Bhature,2023-10-10,17:05:05,Completed,896
9493,88,97,Veg Momos,2024-10-05,21:51:00,Completed,526
9494,845,110,Pav Bhaji,2023-02-17,16:12:55,Completed,344
9495,722,108,Masala Dosa,2024-08-01,15:37:11,Completed,650
9496,639,62,Chicken Momos,2023-12-13,16:42:24,Completed,880
9497,743,112,Masala Dosa,2025-03-21,19:51:48,Completed,809
9498,439,49,Paneer Butter Masala,2023-08-12,17:49:00,Completed,166
9499,473,121,Burger,2024-12-07,17:06:10,Completed,910
9500,56,105,Caesar Salad,2023-02-19,13:48:35,Completed,716
9501,888,22,Pav Bhaji,2024-07-19,21:12:57,Completed,798
9502,809,180,Dal Makhani,2023-09-25,12:02:10,Cancelled,208
9503,380,195,Chicken Biryani,2023-06-03,20:16:28,Completed,652
9504,101,194,Masala Dosa,2023-10-25,11:08:39,Completed,844
9505,39,155,Hakka Noodles,2024-03-27,09:25:17,Completed,925
9506,129,74,Hakka Noodles,2023-01-11,09:10:50,Completed,830
9507,693,122,Veg Momos,2024-07-29,15:38:48,Completed,244
9508,75,191,Caesar Salad,2024-06-30,12:56:22,Pending,505
9509,554,19,Paneer Tikka,2025-01-13,09:17:41,Completed,322
9510,245,177,Chicken Momos,2025-04-06,09:13:38,Completed,467
9511,769,126,Farmhouse Pizza,2024-10-11,14:32:24,Completed,356
9512,662,21,Pav Bhaji,2024-01-08,21:44:35,Completed,188
9513,929,160,Veg Biryani,2025-02-12,19:35:29,Completed,613
9514,111,174,Veg Fried Rice,2023-07-07,11:00:13,Completed,948
9515,708,179,Paneer Tikka,2025-01-26,13:58:19,Completed,331
9516,22,143,Paneer Butter Masala,2024-05-17,21:32:06,Completed,325
9517,797,58,Chicken Tikka,2023-01-17,22:52:44,Completed,402
9518,722,40,Chicken Biryani,2023-09-05,09:34:21,Completed,302
9519,117,6,Butter Chicken,2025-04-27,13:48:35,Completed,490
9520,814,116,Caesar Salad,2024-07-06,20:47:49,Cancelled,866
9521,643,163,Veg Biryani,2024-12-31,09:28:22,Cancelled,337
9522,461,22,Veg Momos,2023-02-14,22:09:11,Pending,266
9523,214,82,Pav Bhaji,2023-03-21,20:19:35,Completed,591
9524,813,119,Chicken Tikka,2023-02-27,15:29:15,Completed,340
9525,270,184,Dal Makhani,2024-09-04,17:22:31,Pending,367
9526,981,119,Veg Fried Rice,2023-08-28,11:26:28,Cancelled,848
9527,638,94,Paneer Tikka,2024-09-28,15:36:49,Completed,226
9528,956,62,Pav Bhaji,2025-06-17,15:25:05,Completed,329
9529,318,193,Margherita Pizza,2024-03-01,21:28:11,Completed,303
9530,270,129,Chole Bhature,2025-02-04,09:54:00,Cancelled,401
9531,226,49,Chole Bhature,2024-11-03,12:50:11,Completed,424
9532,839,107,Dal Makhani,2023-10-15,16:19:00,Completed,589
9533,926,134,Dal Makhani,2023-05-15,15:29:38,Completed,182
9534,94,46,Paneer Tikka,2024-03-09,11:00:57,Completed,606
9535,244,189,Fish Curry,2023-10-12,16:26:43,Completed,797
9536,892,122,Caesar Salad,2024-12-23,22:41:25,Completed,478
9537,377,43,Fish Curry,2023-12-24,19:46:06,Completed,479
9538,199,191,Chicken Momos,2025-02-06,18:25:35,Completed,767
9539,959,53,Chicken Biryani,2023-03-26,19:29:25,Completed,662
9540,366,84,Veg Fried Rice,2024-04-10,16:22:34,Completed,268
9541,905,39,Margherita Pizza,2024-04-30,16:31:06,Completed,205
9542,879,166,Veg Momos,2023-05-07,15:30:41,Completed,225
9543,401,91,Paneer Butter Masala,2023-11-05,22:05:49,Completed,910
9544,165,46,Hakka Noodles,2024-02-19,18:27:26,Completed,206
9545,546,27,Masala Dosa,2023-03-25,15:51:10,Completed,485
9546,270,70,Fish Curry,2024-09-18,15:14:30,Completed,492
9547,267,139,Margherita Pizza,2025-04-04,09:15:41,Completed,405
9548,438,112,Idli Sambar,2023-05-20,15:08:38,Completed,509
9549,617,78,Butter Chicken,2024-06-28,18:44:53,Completed,163
9550,86,47,Masala Dosa,2024-04-03,13:21:39,Completed,301
9551,835,115,Farmhouse Pizza,2025-05-23,11:03:51,Cancelled,883
9552,783,125,Chole Bhature,2023-12-31,15:21:14,Completed,948
9553,254,31,Fish Curry,2023-10-12,10:38:16,Completed,171
9554,705,179,Veg Fried Rice,2024-12-09,21:44:06,Completed,392
9555,308,86,Masala Dosa,2025-02-21,17:42:52,Completed,327
9556,831,147,Farmhouse Pizza,2024-09-24,11:15:23,Completed,294
9557,644,200,Veg Biryani,2024-06-29,10:01:41,Completed,325
9558,325,193,Dal Makhani,2025-01-09,16:47:45,Completed,206
9559,77,14,Chicken Tikka,2024-07-26,22:00:33,Completed,642
9560,416,172,Pav Bhaji,2023-07-04,17:42:57,Completed,484
9561,35,98,Dal Makhani,2025-04-18,22:27:38,Completed,455
9562,822,116,Burger,2025-05-13,22:45:51,Completed,126
9563,119,88,Chicken Tikka,2024-03-01,15:24:31,Completed,123
9564,236,139,Veg Fried Rice,2023-10-05,11:07:54,Completed,557
9565,689,187,Masala Dosa,2023-09-02,18:49:07,Completed,179
9566,826,179,Margherita Pizza,2024-06-08,20:06:46,Cancelled,200
9567,625,6,Butter Chicken,2025-04-09,17:11:20,Completed,443
9568,778,64,Dal Makhani,2023-04-26,10:24:45,Completed,707
9569,442,164,Margherita Pizza,2024-08-25,15:01:50,Completed,823
9570,722,174,Chicken Biryani,2024-07-10,12:06:48,Completed,838
9571,684,79,Chicken Momos,2023-09-28,13:58:11,Completed,493
9572,412,166,Farmhouse Pizza,2023-10-08,15:42:41,Completed,182
9573,608,26,Paneer Tikka,2023-05-23,17:16:21,Completed,348
9574,699,83,Margherita Pizza,2024-03-23,15:03:48,Completed,479
9575,254,111,Masala Dosa,2023-11-02,19:25:47,Completed,820
9576,5,103,Hakka Noodles,2024-06-13,13:06:11,Completed,911
9577,227,65,Caesar Salad,2023-12-18,18:38:06,Completed,368
9578,974,34,Caesar Salad,2024-08-27,21:49:00,Cancelled,687
9579,399,115,Farmhouse Pizza,2023-12-27,14:00:42,Completed,613
9580,954,42,Chicken Biryani,2025-02-28,12:43:24,Completed,256
9581,846,88,Idli Sambar,2023-07-16,18:20:25,Completed,665
9582,981,194,Pav Bhaji,2025-06-28,22:29:33,Completed,296
9583,795,1,Butter Chicken,2024-09-04,19:41:03,Completed,128
9584,904,67,Hakka Noodles,2023-02-13,10:21:28,Completed,823
9585,374,172,Veg Fried Rice,2023-03-23,10:49:28,Completed,510
9586,467,31,Veg Momos,2025-06-21,18:00:58,Completed,650
9587,898,39,Veg Biryani,2023-03-14,16:01:47,Completed,130
9588,234,9,Veg Momos,2024-08-28,11:43:44,Completed,322
9589,269,72,Veg Biryani,2025-06-21,21:11:28,Completed,329
9590,981,185,Chicken Tikka,2024-04-25,14:58:11,Completed,590
9591,911,72,Caesar Salad,2023-02-19,12:45:47,Completed,818
9592,40,127,Farmhouse Pizza,2023-05-16,14:10:11,Completed,609
9593,451,94,Veg Fried Rice,2024-01-27,21:40:34,Completed,503
9594,397,44,Farmhouse Pizza,2024-04-05,15:14:20,Completed,639
9595,549,83,Farmhouse Pizza,2023-11-27,19:16:37,Completed,752
9596,908,16,Veg Momos,2024-01-03,21:27:30,Completed,782
9597,319,44,Chole Bhature,2023-01-24,09:19:57,Pending,333
9598,948,47,Chicken Momos,2023-10-04,10:57:44,Pending,915
9599,690,133,Burger,2023-10-02,18:32:58,Completed,834
9600,667,194,Fish Curry,2023-04-04,16:41:24,Completed,615
9601,710,99,Burger,2024-10-20,21:11:07,Completed,173
9602,880,195,Pav Bhaji,2025-04-12,10:01:35,Completed,719
9603,367,31,Burger,2024-09-25,16:43:20,Completed,459
9604,423,25,Idli Sambar,2023-05-17,18:18:37,Pending,303
9605,16,97,Masala Dosa,2024-05-30,10:47:04,Completed,813
9606,998,136,Dal Makhani,2023-03-22,21:40:30,Pending,431
9607,254,55,Farmhouse Pizza,2023-05-23,21:33:45,Cancelled,747
9608,53,117,Veg Fried Rice,2024-11-20,20:11:44,Cancelled,535
9609,673,166,Chicken Tikka,2023-08-25,15:06:43,Completed,861
9610,447,25,Pav Bhaji,2024-07-26,09:02:18,Completed,682
9611,992,146,Paneer Tikka,2024-11-23,15:57:19,Completed,361
9612,346,70,Chicken Biryani,2023-03-28,10:02:00,Completed,572
9613,527,135,Burger,2023-01-07,13:35:52,Completed,639
9614,77,178,Pav Bhaji,2023-06-27,12:56:13,Completed,610
9615,808,170,Dal Makhani,2024-08-08,19:15:38,Completed,197
9616,640,159,Veg Fried Rice,2024-12-27,18:35:04,Completed,521
9617,969,15,Dal Makhani,2024-03-03,13:07:38,Completed,462
9618,892,107,Veg Momos,2024-07-30,18:19:29,Completed,352
9619,504,167,Chicken Tikka,2023-03-14,09:33:32,Completed,357
9620,493,166,Burger,2023-06-03,10:28:01,Completed,725
9621,46,45,Veg Fried Rice,2023-05-08,17:26:38,Completed,238
9622,859,28,Paneer Butter Masala,2023-11-29,09:19:10,Completed,669
9623,977,112,Dal Makhani,2025-02-02,15:29:50,Completed,650
9624,722,41,Chicken Biryani,2024-07-30,16:34:09,Completed,587
9625,140,91,Veg Biryani,2024-11-29,21:19:18,Completed,798
9626,453,193,Paneer Tikka,2024-08-30,14:38:00,Completed,717
9627,624,105,Veg Momos,2024-03-06,10:54:58,Completed,193
9628,640,159,Idli Sambar,2023-05-25,12:05:23,Completed,439
9629,217,137,Farmhouse Pizza,2023-08-05,19:33:15,Completed,425
9630,820,109,Dal Makhani,2023-10-28,12:27:52,Completed,147
9631,91,186,Veg Fried Rice,2024-04-18,12:32:40,Completed,840
9632,472,25,Chicken Tikka,2024-10-09,22:51:28,Completed,656
9633,949,138,Paneer Butter Masala,2024-09-25,12:15:22,Completed,866
9634,624,143,Pav Bhaji,2024-04-27,22:54:40,Completed,159
9635,628,125,Veg Fried Rice,2023-12-16,15:21:50,Cancelled,499
9636,826,33,Veg Momos,2023-03-16,21:13:17,Completed,785
9637,858,170,Veg Fried Rice,2025-04-22,16:17:30,Completed,940
9638,560,99,Veg Momos,2024-04-16,20:05:32,Completed,262
9639,672,32,Butter Chicken,2023-06-27,13:24:39,Pending,777
9640,208,130,Veg Biryani,2023-03-19,17:04:14,Completed,809
9641,662,38,Chicken Biryani,2025-05-23,17:17:43,Completed,228
9642,298,11,Paneer Butter Masala,2023-05-17,14:32:56,Pending,818
9643,346,148,Burger,2025-02-23,11:10:37,Completed,901
9644,669,2,Farmhouse Pizza,2023-10-24,14:21:48,Completed,477
9645,28,18,Chole Bhature,2023-12-30,10:14:11,Completed,326
9646,800,86,Veg Biryani,2025-02-16,11:41:50,Completed,851
9647,995,36,Margherita Pizza,2023-01-19,22:02:21,Cancelled,599
9648,772,3,Chicken Momos,2025-04-14,15:31:18,Completed,172
9649,366,35,Farmhouse Pizza,2024-06-01,16:24:01,Completed,579
9650,233,21,Veg Momos,2023-08-26,11:58:05,Completed,300
9651,707,132,Idli Sambar,2024-10-29,10:57:29,Completed,335
9652,576,183,Veg Momos,2023-07-08,15:08:43,Completed,788
9653,645,63,Caesar Salad,2023-06-04,11:33:18,Completed,660
9654,417,41,Chicken Momos,2025-01-13,11:12:12,Completed,542
9655,262,42,Paneer Butter Masala,2023-07-02,22:45:57,Completed,350
9656,588,20,Pav Bhaji,2025-05-02,10:19:47,Completed,528
9657,971,148,Chicken Tikka,2023-01-05,12:19:04,Completed,281
9658,554,23,Idli Sambar,2023-06-25,12:32:58,Completed,841
9659,46,25,Veg Momos,2024-08-20,14:43:42,Completed,614
9660,135,90,Idli Sambar,2024-05-30,20:39:32,Completed,758
9661,541,103,Masala Dosa,2024-03-18,20:08:30,Completed,566
9662,930,137,Chicken Momos,2023-12-09,14:16:12,Completed,921
9663,291,178,Dal Makhani,2023-11-29,10:09:58,Completed,472
9664,995,109,Caesar Salad,2023-09-30,21:40:30,Completed,618
9665,253,149,Dal Makhani,2024-06-11,13:00:57,Completed,320
9666,869,128,Chicken Biryani,2024-11-11,13:11:35,Completed,602
9667,586,151,Masala Dosa,2023-02-25,16:04:09,Completed,271
9668,251,108,Chole Bhature,2023-02-12,15:59:34,Completed,749
9669,962,77,Masala Dosa,2023-03-13,12:46:23,Completed,736
9670,100,142,Farmhouse Pizza,2023-02-20,16:34:45,Completed,689
9671,205,192,Burger,2024-06-25,18:57:56,Completed,364
9672,246,170,Burger,2025-06-13,09:02:50,Completed,188
9673,87,186,Chole Bhature,2024-12-13,12:30:22,Cancelled,658
9674,991,162,Chicken Biryani,2024-08-16,13:00:21,Completed,470
9675,562,88,Paneer Butter Masala,2023-05-13,19:09:35,Completed,605
9676,459,76,Caesar Salad,2024-01-13,13:57:56,Completed,942
9677,244,164,Dal Makhani,2023-12-19,19:37:52,Completed,658
9678,338,182,Burger,2023-09-25,16:47:04,Completed,609
9679,588,137,Hakka Noodles,2023-12-04,13:00:44,Completed,462
9680,172,84,Pav Bhaji,2023-03-26,15:16:20,Cancelled,791
9681,576,144,Masala Dosa,2024-03-02,12:42:05,Completed,854
9682,888,117,Paneer Tikka,2023-12-21,22:20:39,Completed,278
9683,29,137,Paneer Butter Masala,2025-06-03,19:22:31,Completed,520
9684,989,148,Dal Makhani,2024-06-27,14:22:28,Completed,868
9685,140,30,Margherita Pizza,2023-08-25,11:43:06,Completed,901
9686,423,3,Pav Bhaji,2024-09-11,21:40:12,Completed,530
9687,438,80,Farmhouse Pizza,2024-08-11,14:20:58,Completed,884
9688,987,76,Chole Bhature,2023-01-25,14:30:12,Completed,599
9689,367,123,Farmhouse Pizza,2023-05-01,20:50:30,Completed,633
9690,217,22,Burger,2025-04-14,12:13:58,Pending,513
9691,518,13,Dal Makhani,2023-06-01,11:49:00,Completed,185
9692,1000,132,Chole Bhature,2025-06-16,15:05:46,Completed,768
9693,684,138,Fish Curry,2024-01-07,17:46:57,Cancelled,483
9694,868,40,Chicken Momos,2023-05-06,18:57:53,Completed,823
9695,535,144,Margherita Pizza,2024-07-03,12:47:25,Completed,315
9696,235,88,Caesar Salad,2024-03-03,16:47:04,Completed,542
9697,346,74,Masala Dosa,2023-05-18,13:03:34,Completed,311
9698,499,158,Veg Momos,2025-02-20,14:14:37,Completed,171
9699,15,143,Hakka Noodles,2025-06-11,19:21:23,Completed,649
9700,10,119,Burger,2023-03-18,14:06:41,Completed,526
9701,446,88,Butter Chicken,2025-06-02,13:02:46,Completed,387
9702,336,60,Dal Makhani,2023-08-17,21:00:26,Completed,557
9703,595,163,Veg Momos,2024-10-07,22:52:49,Completed,588
9704,940,82,Chicken Momos,2024-01-30,12:07:49,Completed,916
9705,738,131,Masala Dosa,2023-12-15,10:10:24,Completed,500
9706,263,196,Burger,2024-06-19,21:23:39,Completed,827
9707,178,126,Caesar Salad,2024-11-19,13:32:05,Completed,402
9708,877,77,Butter Chicken,2023-03-02,15:43:12,Completed,451
9709,1,90,Pav Bhaji,2024-03-01,18:53:47,Completed,696
9710,955,196,Masala Dosa,2025-04-29,14:21:29,Completed,859
9711,172,146,Chicken Momos,2023-11-16,12:18:07,Completed,821
9712,838,112,Masala Dosa,2025-04-13,17:44:10,Completed,120
9713,95,91,Hakka Noodles,2023-06-01,14:23:47,Completed,724
9714,276,155,Chole Bhature,2024-07-18,17:13:24,Completed,665
9715,889,165,Veg Momos,2024-03-13,20:20:59,Cancelled,209
9716,271,105,Butter Chicken,2024-12-22,18:53:10,Cancelled,262
9717,698,130,Dal Makhani,2024-02-10,17:43:32,Cancelled,725
9718,501,48,Margherita Pizza,2024-09-09,14:08:43,Completed,169
9719,26,53,Chole Bhature,2025-01-02,15:03:12,Completed,222
9720,736,181,Caesar Salad,2023-04-21,15:56:58,Completed,495
9721,401,129,Idli Sambar,2025-05-12,15:29:06,Completed,474
9722,107,129,Butter Chicken,2023-02-20,22:53:11,Completed,865
9723,192,182,Veg Momos,2023-05-07,20:25:19,Completed,749
9724,775,61,Paneer Tikka,2024-10-18,19:33:06,Completed,633
9725,661,197,Chicken Biryani,2024-10-13,11:57:12,Completed,896
9726,995,115,Paneer Butter Masala,2023-05-16,11:13:00,Cancelled,506
9727,688,126,Chole Bhature,2024-09-08,19:26:18,Completed,311
9728,321,188,Chicken Tikka,2023-06-04,16:28:15,Completed,614
9729,696,143,Pav Bhaji,2024-01-14,10:55:33,Completed,675
9730,663,78,Chole Bhature,2024-12-13,13:56:53,Cancelled,923
9731,378,187,Paneer Tikka,2024-09-12,13:40:25,Completed,462
9732,274,177,Caesar Salad,2024-08-24,11:16:27,Completed,184
9733,293,109,Veg Biryani,2024-02-03,22:51:28,Completed,541
9734,319,54,Paneer Butter Masala,2023-08-26,13:50:31,Completed,317
9735,522,83,Burger,2023-02-26,21:41:32,Completed,325
9736,837,115,Fish Curry,2023-04-15,19:32:54,Completed,798
9737,392,137,Chicken Momos,2024-08-08,19:40:22,Completed,397
9738,335,188,Veg Fried Rice,2023-08-14,16:47:01,Completed,556
9739,634,126,Farmhouse Pizza,2024-04-14,16:02:44,Completed,437
9740,486,161,Caesar Salad,2025-05-06,17:22:07,Completed,146
9741,653,5,Chole Bhature,2024-10-01,16:27:53,Completed,531
9742,833,197,Dal Makhani,2023-01-13,10:22:59,Completed,935
9743,857,96,Masala Dosa,2025-03-29,18:22:00,Completed,605
9744,907,57,Caesar Salad,2023-12-22,15:49:03,Completed,142
9745,137,70,Veg Biryani,2023-04-26,17:03:09,Completed,472
9746,958,83,Burger,2023-01-02,21:57:25,Completed,580
9747,796,135,Chole Bhature,2025-05-25,16:36:42,Pending,763
9748,788,93,Butter Chicken,2025-04-19,22:30:00,Completed,350
9749,342,189,Chole Bhature,2024-04-16,22:18:48,Completed,342
9750,685,15,Chicken Biryani,2024-12-30,13:39:09,Completed,592
9751,853,41,Idli Sambar,2024-12-24,18:13:24,Completed,222
9752,151,136,Burger,2024-01-27,20:48:10,Completed,320
9753,335,142,Fish Curry,2023-12-21,12:18:26,Completed,822
9754,668,11,Masala Dosa,2023-05-31,12:38:08,Completed,836
9755,463,2,Butter Chicken,2023-06-22,14:56:17,Completed,441
9756,832,14,Chicken Momos,2025-05-20,18:32:24,Completed,796
9757,167,151,Dal Makhani,2023-01-15,22:53:09,Completed,934
9758,687,171,Paneer Butter Masala,2024-07-06,14:23:07,Completed,159
9759,222,114,Masala Dosa,2023-05-24,20:45:35,Completed,932
9760,834,124,Idli Sambar,2024-05-28,19:22:49,Completed,501
9761,637,120,Masala Dosa,2023-03-09,20:08:58,Pending,743
9762,442,46,Hakka Noodles,2025-06-04,12:56:57,Completed,171
9763,409,197,Idli Sambar,2024-06-05,09:56:16,Completed,785
9764,663,52,Fish Curry,2023-09-08,17:45:47,Completed,151
9765,322,68,Veg Fried Rice,2024-06-11,22:48:35,Completed,141
9766,164,39,Paneer Tikka,2024-02-05,15:07:26,Completed,942
9767,392,192,Butter Chicken,2024-10-13,14:19:25,Pending,656
9768,778,97,Veg Fried Rice,2025-06-12,16:52:30,Completed,710
9769,178,180,Veg Momos,2023-03-30,13:30:08,Completed,831
9770,511,153,Pav Bhaji,2023-12-03,18:45:33,Completed,757
9771,997,199,Veg Fried Rice,2024-06-28,18:01:04,Completed,316
9772,926,80,Hakka Noodles,2023-07-14,18:59:24,Completed,310
9773,707,99,Margherita Pizza,2024-11-12,10:30:47,Completed,273
9774,426,162,Fish Curry,2024-11-13,19:28:39,Cancelled,507
9775,681,45,Chole Bhature,2024-09-17,09:18:07,Completed,599
9776,947,83,Farmhouse Pizza,2025-03-26,10:26:46,Completed,193
9777,661,93,Masala Dosa,2023-02-11,10:54:27,Completed,482
9778,936,68,Paneer Tikka,2023-02-09,21:21:00,Completed,550
9779,415,27,Farmhouse Pizza,2023-04-17,21:01:31,Completed,933
9780,11,62,Margherita Pizza,2023-11-05,14:06:08,Completed,713
9781,369,77,Farmhouse Pizza,2025-03-17,13:49:55,Pending,874
9782,903,199,Pav Bhaji,2025-03-22,09:15:12,Completed,585
9783,267,167,Margherita Pizza,2023-01-09,12:33:21,Completed,759
9784,419,21,Veg Momos,2025-06-26,21:07:13,Completed,299
9785,746,136,Caesar Salad,2025-06-15,15:30:14,Completed,519
9786,940,78,Hakka Noodles,2023-06-23,14:48:05,Completed,553
9787,443,100,Dal Makhani,2023-11-13,20:28:04,Completed,619
9788,163,86,Paneer Butter Masala,2023-06-03,20:55:24,Completed,471
9789,143,121,Burger,2023-03-08,20:35:41,Completed,893
9790,20,91,Paneer Tikka,2023-02-14,22:49:10,Completed,443
9791,137,163,Butter Chicken,2023-05-02,18:42:26,Completed,689
9792,790,23,Chole Bhature,2023-01-31,16:33:11,Completed,189
9793,478,114,Fish Curry,2024-10-02,19:12:25,Completed,732
9794,530,103,Farmhouse Pizza,2024-05-05,11:32:30,Completed,396
9795,624,86,Margherita Pizza,2024-03-22,22:11:35,Completed,665
9796,110,166,Paneer Butter Masala,2024-07-04,11:56:52,Completed,266
9797,706,75,Chole Bhature,2023-03-18,13:13:59,Completed,796
9798,725,157,Chole Bhature,2025-06-19,20:26:16,Completed,683
9799,45,181,Chicken Momos,2024-08-26,10:10:13,Completed,731
9800,539,35,Fish Curry,2023-07-08,15:24:55,Completed,368
9801,388,20,Veg Fried Rice,2024-06-13,16:04:07,Completed,602
9802,361,186,Burger,2025-01-04,14:26:54,Pending,197
9803,145,199,Veg Fried Rice,2024-12-08,21:35:07,Cancelled,734
9804,211,174,Fish Curry,2025-01-11,13:41:46,Completed,223
9805,766,97,Paneer Tikka,2024-07-01,09:45:53,Completed,509
9806,510,132,Chole Bhature,2024-05-28,20:39:48,Completed,721
9807,341,140,Butter Chicken,2023-02-22,11:21:44,Completed,767
9808,603,187,Dal Makhani,2024-02-21,13:57:15,Completed,233
9809,167,39,Butter Chicken,2024-07-19,11:00:43,Completed,328
9810,756,180,Butter Chicken,2024-04-26,18:29:24,Pending,900
9811,602,134,Pav Bhaji,2024-11-30,22:05:28,Completed,873
9812,654,60,Farmhouse Pizza,2024-08-01,09:33:03,Completed,549
9813,892,1,Chicken Tikka,2024-10-06,09:02:47,Completed,668
9814,624,142,Burger,2023-01-02,12:56:45,Completed,755
9815,626,180,Idli Sambar,2024-06-01,15:11:23,Completed,870
9816,64,88,Dal Makhani,2023-01-24,21:04:36,Completed,460
9817,713,136,Veg Biryani,2025-01-09,15:02:25,Completed,868
9818,353,65,Veg Fried Rice,2024-01-31,19:58:17,Completed,350
9819,650,97,Fish Curry,2024-12-26,14:20:24,Completed,427
9820,277,81,Butter Chicken,2024-12-09,16:15:31,Completed,808
9821,398,47,Chicken Biryani,2024-01-29,14:26:14,Completed,602
9822,104,83,Chole Bhature,2024-06-30,19:12:53,Completed,582
9823,358,158,Butter Chicken,2025-05-21,18:04:51,Completed,901
9824,195,113,Chicken Momos,2025-06-18,19:25:41,Pending,456
9825,888,200,Dal Makhani,2023-08-18,21:03:45,Cancelled,770
9826,719,42,Chole Bhature,2025-05-18,17:12:05,Completed,293
9827,805,27,Paneer Butter Masala,2024-02-13,20:23:25,Completed,351
9828,309,196,Idli Sambar,2024-02-16,15:53:06,Completed,512
9829,976,22,Dal Makhani,2025-01-25,12:53:35,Completed,426
9830,941,137,Paneer Butter Masala,2025-03-04,09:42:31,Pending,621
9831,51,57,Margherita Pizza,2024-03-03,21:24:28,Completed,340
9832,670,39,Dal Makhani,2025-05-19,10:33:05,Completed,825
9833,182,147,Caesar Salad,2023-02-02,14:03:29,Pending,208
9834,337,136,Pav Bhaji,2025-06-27,22:40:01,Completed,551
9835,693,79,Pav Bhaji,2024-01-21,17:03:07,Completed,414
9836,112,111,Chicken Tikka,2024-09-18,21:57:46,Completed,207
9837,25,162,Margherita Pizza,2024-03-07,12:51:41,Completed,846
9838,393,55,Chicken Tikka,2025-04-15,17:13:46,Completed,758
9839,733,85,Burger,2025-02-04,13:40:06,Completed,353
9840,510,73,Veg Momos,2024-10-23,16:43:31,Completed,162
9841,62,97,Masala Dosa,2023-02-12,15:37:08,Completed,368
9842,963,78,Veg Biryani,2023-01-26,16:19:23,Completed,763
9843,669,199,Farmhouse Pizza,2024-02-22,16:28:59,Completed,251
9844,170,115,Fish Curry,2025-05-14,19:35:30,Completed,286
9845,434,56,Hakka Noodles,2024-02-19,18:33:52,Cancelled,722
9846,919,83,Paneer Butter Masala,2023-06-15,16:55:50,Completed,766
9847,635,32,Chicken Momos,2023-10-31,21:34:35,Completed,217
9848,120,27,Pav Bhaji,2025-05-22,19:58:56,Completed,836
9849,319,131,Veg Biryani,2024-04-01,22:15:38,Completed,343
9850,591,142,Chicken Momos,2023-05-04,16:57:58,Completed,827
9851,12,12,Caesar Salad,2024-02-27,13:31:20,Completed,718
9852,870,17,Paneer Tikka,2024-10-20,22:50:29,Completed,910
9853,639,7,Veg Fried Rice,2024-09-25,22:55:09,Completed,344
9854,733,38,Chicken Tikka,2025-05-13,10:18:06,Completed,583
9855,721,183,Hakka Noodles,2023-06-27,16:33:15,Completed,440
9856,7,153,Chicken Momos,2024-11-18,18:53:56,Completed,621
9857,4,194,Chicken Momos,2024-02-03,22:56:42,Cancelled,497
9858,646,75,Chicken Tikka,2023-11-27,20:25:10,Completed,883
9859,603,182,Chicken Biryani,2024-11-10,15:55:51,Completed,291
9860,111,49,Veg Biryani,2023-01-30,17:29:51,Cancelled,484
9861,587,62,Chicken Biryani,2024-05-19,14:57:15,Completed,897
9862,56,88,Chicken Momos,2024-04-12,16:20:03,Completed,802
9863,758,90,Paneer Tikka,2025-01-09,20:18:22,Completed,201
9864,477,13,Margherita Pizza,2023-02-28,15:55:16,Completed,601
9865,236,120,Caesar Salad,2023-02-01,12:27:45,Completed,424
9866,717,43,Hakka Noodles,2023-10-11,21:42:39,Completed,350
9867,1000,164,Paneer Butter Masala,2023-06-25,14:20:46,Cancelled,661
9868,273,186,Chole Bhature,2025-03-17,21:51:11,Completed,770
9869,682,173,Paneer Tikka,2024-04-20,14:54:34,Completed,313
9870,384,121,Pav Bhaji,2023-01-26,12:07:23,Completed,923
9871,522,47,Fish Curry,2024-07-06,09:30:49,Completed,797
9872,368,4,Farmhouse Pizza,2024-12-29,22:41:33,Completed,708
9873,173,122,Burger,2025-01-13,22:12:39,Pending,375
9874,30,74,Veg Fried Rice,2025-05-17,18:05:10,Completed,674
9875,699,66,Chicken Momos,2023-08-21,10:55:45,Completed,676
9876,938,157,Paneer Butter Masala,2024-11-29,21:06:07,Completed,251
9877,22,95,Chicken Momos,2024-03-24,21:37:49,Completed,532
9878,692,171,Chicken Biryani,2023-07-10,20:11:48,Pending,540
9879,938,34,Veg Biryani,2023-08-29,22:47:23,Completed,476
9880,99,191,Margherita Pizza,2025-01-16,18:48:26,Completed,154
9881,313,125,Paneer Butter Masala,2023-12-13,22:51:02,Completed,882
9882,796,51,Idli Sambar,2024-11-03,10:58:26,Completed,458
9883,778,154,Butter Chicken,2024-01-04,10:14:07,Completed,332
9884,310,144,Chicken Momos,2024-06-08,12:52:26,Completed,514
9885,856,28,Chicken Momos,2025-06-08,09:59:14,Completed,854
9886,191,118,Masala Dosa,2024-04-03,12:17:04,Completed,252
9887,574,25,Chicken Momos,2025-06-18,20:22:39,Completed,315
9888,377,120,Dal Makhani,2025-03-07,22:11:39,Completed,330
9889,144,43,Margherita Pizza,2023-09-29,12:13:32,Completed,351
9890,867,99,Veg Fried Rice,2023-12-06,17:15:42,Completed,667
9891,696,42,Veg Momos,2023-01-26,14:23:26,Completed,203
9892,939,51,Veg Fried Rice,2024-10-02,16:32:01,Completed,159
9893,465,99,Chicken Momos,2023-06-05,19:57:35,Completed,226
9894,306,8,Veg Fried Rice,2024-03-15,15:35:31,Cancelled,442
9895,776,129,Chole Bhature,2023-06-12,17:17:59,Completed,311
9896,574,43,Veg Biryani,2023-08-21,16:22:43,Cancelled,163
9897,290,47,Paneer Tikka,2023-11-17,22:50:13,Completed,665
9898,86,111,Farmhouse Pizza,2023-05-06,09:56:37,Completed,799
9899,13,149,Chole Bhature,2024-09-12,09:17:57,Completed,927
9900,167,43,Idli Sambar,2023-08-19,18:58:45,Pending,878
9901,909,79,Paneer Tikka,2024-01-12,22:15:50,Completed,726
9902,355,14,Chole Bhature,2024-01-20,19:33:38,Completed,340
9903,10,56,Hakka Noodles,2024-11-19,13:20:53,Cancelled,141
9904,850,175,Dal Makhani,2024-07-22,16:02:45,Completed,775
9905,303,187,Chicken Biryani,2024-02-10,16:50:57,Cancelled,324
9906,659,117,Caesar Salad,2023-12-19,17:18:11,Cancelled,314
9907,493,145,Pav Bhaji,2024-11-10,10:14:03,Completed,357
9908,678,162,Veg Fried Rice,2025-01-19,09:15:24,Completed,244
9909,958,99,Burger,2023-04-26,16:11:24,Completed,932
9910,958,19,Chole Bhature,2024-11-17,18:41:20,Pending,543
9911,475,136,Pav Bhaji,2023-08-24,17:21:16,Completed,932
9912,445,115,Fish Curry,2023-04-17,13:32:24,Completed,592
9913,466,131,Veg Fried Rice,2024-05-16,14:51:20,Completed,731
9914,812,78,Pav Bhaji,2023-10-09,15:54:24,Completed,380
9915,97,27,Hakka Noodles,2025-04-06,20:53:25,Completed,257
9916,895,89,Chole Bhature,2025-03-25,11:25:51,Completed,163
9917,225,177,Dal Makhani,2024-08-07,18:25:35,Completed,782
9918,50,121,Veg Fried Rice,2023-04-14,15:37:53,Pending,941
9919,67,99,Butter Chicken,2024-07-30,18:53:30,Completed,280
9920,505,175,Chicken Tikka,2024-02-14,22:25:18,Completed,833
9921,97,124,Chicken Tikka,2023-02-12,15:42:31,Completed,516
9922,275,47,Veg Momos,2023-09-05,10:55:40,Completed,571
9923,24,111,Burger,2024-12-26,22:13:40,Completed,826
9924,781,123,Fish Curry,2023-10-29,18:25:29,Completed,415
9925,887,70,Pav Bhaji,2024-07-05,20:24:39,Completed,206
9926,949,9,Farmhouse Pizza,2024-05-22,19:43:15,Completed,389
9927,286,168,Burger,2024-08-08,22:44:06,Completed,829
9928,497,58,Paneer Tikka,2024-10-06,20:37:31,Completed,913
9929,300,149,Pav Bhaji,2025-02-04,12:36:24,Completed,268
9930,681,38,Dal Makhani,2025-06-02,15:09:09,Completed,545
9931,781,99,Paneer Tikka,2023-10-03,10:27:06,Completed,781
9932,567,86,Margherita Pizza,2024-02-28,20:07:24,Cancelled,636
9933,199,170,Hakka Noodles,2025-06-08,12:59:22,Completed,703
9934,759,160,Dal Makhani,2024-05-14,17:08:11,Completed,799
9935,938,198,Idli Sambar,2025-04-22,20:47:36,Completed,184
9936,801,87,Idli Sambar,2025-05-08,19:37:38,Completed,183
9937,401,164,Chicken Tikka,2024-09-05,17:06:17,Completed,714
9938,38,169,Veg Fried Rice,2023-09-20,21:49:16,Completed,255
9939,941,83,Pav Bhaji,2025-05-15,10:20:07,Completed,661
9940,784,193,Chicken Momos,2023-11-25,18:25:04,Completed,928
9941,23,67,Caesar Salad,2024-02-10,22:55:29,Pending,209
9942,539,118,Caesar Salad,2023-05-12,10:59:19,Completed,182
9943,263,144,Hakka Noodles,2023-11-23,19:15:08,Completed,459
9944,425,164,Pav Bhaji,2024-01-20,22:29:50,Completed,599
9945,255,136,Chole Bhature,2023-03-30,20:05:05,Completed,569
9946,400,178,Veg Biryani,2023-10-20,17:02:38,Completed,704
9947,537,163,Burger,2025-06-26,14:15:13,Completed,773
9948,85,66,Chicken Momos,2024-02-17,22:59:03,Cancelled,158
9949,971,12,Veg Momos,2023-01-03,13:11:30,Completed,428
9950,722,165,Chicken Tikka,2023-04-27,12:19:53,Completed,209
9951,5,175,Dal Makhani,2024-03-31,14:37:40,Completed,656
9952,96,41,Farmhouse Pizza,2023-09-12,21:41:03,Cancelled,168
9953,566,164,Farmhouse Pizza,2023-11-08,17:28:37,Completed,763
9954,653,172,Paneer Butter Masala,2023-03-30,17:33:29,Completed,358
9955,73,69,Paneer Butter Masala,2023-01-30,12:27:29,Completed,819
9956,451,3,Butter Chicken,2025-04-03,22:20:43,Completed,660
9957,442,50,Veg Fried Rice,2025-06-22,12:16:31,Completed,859
9958,359,199,Paneer Tikka,2024-04-09,22:34:03,Completed,237
9959,390,130,Hakka Noodles,2023-02-13,13:07:34,Pending,296
9960,672,23,Paneer Butter Masala,2023-09-24,19:46:51,Pending,896
9961,850,91,Margherita Pizza,2023-08-19,14:19:20,Completed,856
9962,430,187,Veg Fried Rice,2024-11-20,14:01:17,Completed,665
9963,899,3,Chicken Momos,2023-05-12,15:22:50,Completed,948
9964,878,49,Chicken Momos,2023-02-19,21:39:40,Completed,373
9965,941,90,Chicken Biryani,2023-02-14,14:34:07,Completed,589
9966,896,43,Butter Chicken,2023-10-24,16:04:20,Completed,369
9967,573,44,Pav Bhaji,2023-06-03,18:43:39,Completed,605
9968,452,2,Veg Momos,2024-09-10,16:20:21,Completed,125
9969,654,55,Chole Bhature,2024-10-16,14:39:11,Completed,297
9970,429,140,Veg Biryani,2025-02-03,18:46:16,Completed,828
9971,85,103,Butter Chicken,2024-02-02,21:46:13,Completed,841
9972,982,52,Butter Chicken,2025-06-20,11:40:01,Completed,451
9973,420,47,Chole Bhature,2023-07-27,21:18:04,Completed,544
9974,655,143,Chicken Biryani,2023-03-23,18:31:51,Completed,620
9975,894,141,Veg Biryani,2025-05-26,16:09:52,Completed,655
9976,611,35,Pav Bhaji,2024-01-10,10:34:44,Completed,798
9977,861,57,Veg Momos,2023-09-07,13:23:15,Completed,895
9978,689,108,Veg Fried Rice,2024-12-02,09:24:28,Completed,713
9979,670,63,Dal Makhani,2024-08-22,21:40:48,Completed,209
9980,591,51,Farmhouse Pizza,2023-09-25,16:08:55,Completed,854
9981,64,43,Chicken Momos,2025-06-25,18:00:08,Completed,558
9982,814,68,Paneer Tikka,2024-07-07,19:11:33,Completed,330
9983,538,39,Dal Makhani,2024-11-10,16:03:58,Completed,702
9984,322,44,Dal Makhani,2024-11-19,19:50:53,Completed,831
9985,881,75,Farmhouse Pizza,2024-08-21,09:31:39,Completed,315
9986,244,143,Veg Biryani,2024-06-06,13:24:37,Completed,744
9987,162,13,Pav Bhaji,2023-04-12,12:53:22,Completed,248
9988,972,26,Veg Momos,2024-07-21,21:25:21,Completed,565
9989,153,192,Dal Makhani,2025-05-13,13:54:13,Completed,398
9990,291,6,Farmhouse Pizza,2024-01-12,14:00:28,Completed,335
9991,1000,174,Dal Makhani,2025-06-20,20:15:22,Completed,689
9992,508,101,Veg Fried Rice,2024-05-02,10:24:09,Cancelled,224
9993,808,122,Fish Curry,2023-07-29,19:59:43,Completed,676
9994,194,11,Veg Fried Rice,2024-12-12,18:19:28,Completed,452
9995,885,41,Butter Chicken,2024-05-15,14:25:10,Completed,650
9996,946,11,Chicken Tikka,2023-09-04,10:38:26,Completed,173
9997,141,12,Veg Biryani,2025-04-07,18:52:01,Completed,392
9998,753,163,Veg Fried Rice,2023-09-28,18:49:50,Completed,702
9999,231,15,Chicken Tikka,2024-02-26,10:51:31,Completed,831
10000,31,12,Farmhouse Pizza,2025-03-31,21:58:05,Completed,432
